60.0,60.0,60.0,60.0,60.0,60.0,60.0,60.0,60.0,60.0,60.0,60.0,60.0,60.0,60.0,60.0,60.0,60.0,60.0,60.0,60.0,60.0,60.0,60.0,60.0,61.0,61.0,61.0,61.0,61.0,61.0,61.0,61.0,61.0,61.0,61.0,61.0,61.142857142857146,61.285714285714285,61.42857142857143,61.57142857142857,61.714285714285715,61.857142857142854,62.0,62.25,62.5,62.75,63.0,63.0,63.0,63.0,64.0,64.16666666666667,64.33333333333333,64.5,64.66666666666667,64.83333333333333,65.0,65.0,65.0,65.5,66.0,66.0,66.2,66.4,66.6,66.8,67.0,67.5,68.0,68.3076923076923,68.61538461538461,68.92307692307692,69.23076923076923,69.53846153846153,69.84615384615384,70.15384615384616,70.46153846153847,70.76923076923077,71.07692307692308,71.38461538461539,71.6923076923077,72.0,72.28571428571429,72.57142857142857,72.85714285714286,73.14285714285714,73.42857142857143,73.71428571428571,74.0,74.33333333333333,74.66666666666667,75.0,75.25,75.5,75.75,76.0,77.0,77.0,77.66666666666667,78.33333333333333,79.0,79.4,79.8,80.2,80.6,81.0,81.0,81.0,82.0,83.0,83.5,84.0,85.0,85.33333333333333,85.66666666666667,86.0,86.0,86.0,86.5,87.0,87.0,87.0,87.0,87.0,87.0,87.0,87.5,88.0,88.0,88.0,88.25,88.5,88.75,89.0,89.25,89.5,89.75,90.0,90.0,91.0,91.25,91.5,91.75,92.0,92.5,93.0,94.0,94.5,95.0,95.0,95.66666666666667,96.33333333333333,97.0,97.33333333333333,97.66666666666667,98.0,98.5,99.0,99.0,99.0,99.0,99.0,99.0,99.0,99.0,99.0,99.0,99.0,99.0,99.0,99.0,99.0,99.0,99.0,99.0,99.0,99.0,99.0,99.0,99.0,99.0,99.0,99.0,99.0,99.0,99.0,99.0,99.0,99.0,99.0,99.0,99.0,99.0,99.0,99.0,99.0,99.0,99.0,99.0,99.0,99.0,99.0,99.0,99.0,99.0,99.0,99.0,99.0,99.0,99.0,99.0,99.0,99.0,99.0,99.0,99.0,99.0,99.0,99.0,99.0,99.0,99.0,99.0,99.0,99.0,99.0,99.0,99.0,99.0,99.0,99.0,99.0,99.0,99.0,99.0,99.0,99.0,99.0,99.0,99.0,99.0,99.0,99.0,99.0,99.0,99.0,99.0,99.0,99.0,99.0,99.0,99.0,99.0,99.0,99.0,99.0,99.0,99.0,99.0,99.0,99.0,99.0,99.0,99.0,99.0,99.0,99.0,99.0,99.0,99.0,99.0,99.0,99.0,99.0,99.0,99.0,99.0,99.0,99.0,99.0,99.0,99.0,99.0,99.0,99.0,99.0,99.0,99.0,99.0,99.0,99.0,99.0,99.0,99.0,99.0,99.0,99.0,99.0,99.0,99.0,99.0,99.0,99.0,99.0,99.0,99.0,99.0,99.0,99.0,99.0,99.0,99.0,99.0,99.0,99.0,99.0,99.0,99.0,99.0,99.0,99.0,99.0,99.0,99.0,99.0,99.0,99.0,99.0,99.0,99.0,99.0,99.0,99.0,99.0,99.0,99.0,99.0,99.0,99.0,99.0,99.0,99.0,99.0,99.0,99.0,99.0,99.0,99.0,99.0,99.0,99.0,99.0,99.0,99.0,99.0,99.0,99.0,99.0,99.0,99.0,99.0,99.0,99.0,99.0,99.0,99.0,99.0,99.0,99.0,99.0,99.0,99.0,99.0,99.0,99.0,99.0,99.33333333333333,99.66666666666667,100.0,99.83333333333333,99.66666666666667,99.5,99.33333333333333,99.16666666666667,99.0,99.0,99.0,99.0,99.0,99.0,99.0,99.0,99.0,99.0,99.0,99.0,99.0,99.0,99.0,99.0,99.0,99.0,99.0,99.0,99.0,99.0,99.0,99.0,99.0,99.0,99.0,99.0,99.0,99.0,99.0,99.0,99.0,99.0,99.0,99.0,99.0,99.0,99.0,99.0,99.0,99.0,99.0,99.0,99.0,99.0,99.0,99.0,99.0,100.0,99.5,99.0,99.0,99.0,99.0,99.0,99.0,99.0,99.0,99.0,99.0,99.0,99.0,99.0,99.0,99.0,99.0,99.0,99.0,99.0,99.0,99.0,99.0,99.0,99.0,99.0,99.0,99.0,99.0,99.0,99.0,99.0,99.0,99.0,99.0,99.0,99.0,99.0,99.0,99.0,99.0,99.0,99.0,99.0,99.0,99.0,99.0,99.0,99.0,99.0,99.0,99.0,99.0,99.0,99.0,99.0,99.0,99.0,99.0,99.0,99.0,99.0,99.0,99.0,99.0,99.0,99.0,99.0,99.0,99.0,99.0,99.0,99.0,99.0,99.0,99.0,99.0,99.0,99.0,99.0,99.0,99.0,99.0,99.0,99.0,99.0,99.0,99.0,99.0,99.0,99.0,99.0,99.0,99.0,99.0,99.0,99.0,99.0,99.0,99.0,99.0,99.0,99.0,99.0,99.0,99.0,99.0,99.0,99.0,99.0,99.0,99.0,99.0,99.0,99.0,99.0,99.0,99.0,99.0,99.0,99.0,99.0,99.0,99.0,99.0,99.0,99.0,99.0,99.0,99.0,99.0,99.0,99.0,99.0,99.0,99.0,99.0,99.0,99.0,99.0,99.0,99.0,99.0,99.0,99.0,99.0,99.0,99.0,99.0,99.0,99.0,99.0,99.0,99.0,99.0,99.0,99.0,99.0,99.0,99.0,99.0,99.0,99.0,99.0,99.0,99.0,99.0,99.0,99.0,99.0,99.0,99.0,99.0,99.0,99.0,99.0,99.0,99.0,99.0,99.0,99.0,99.0,99.0,99.0,99.0,99.0,99.0,99.0,99.0,99.0,99.0,99.0,99.0,99.0,99.0,99.0,99.0,99.0,99.0,99.0,99.0,99.0,99.0,99.0,99.0,99.0,99.0,99.0,99.0,99.0,99.0,99.0,99.0,99.0,99.0,99.0,99.0,99.0,99.0,99.0,99.0,99.0,99.0,99.0,99.0,99.0,99.0,99.0,99.0,99.0,99.0,99.0,99.0,99.0,99.0,99.0,99.0,99.0,99.0,99.0,99.0,99.0,99.0,99.0,99.0,99.0,99.0,99.0,99.0,99.0,99.0,99.0,99.0,99.0,99.0,99.0,99.0,99.0,99.0,99.0,99.0,99.33333333333333,99.66666666666667,100.0,99.0,99.0,99.0,99.0,100.0,100.0,100.0,100.0,100.0,100.0,100.0,100.0,100.0,100.0,100.0,100.0,100.0,100.0,100.0,100.0,100.0,100.0,100.0,100.0,100.0,100.0,100.0,100.0,100.0,100.0,100.0,100.0,100.0,100.0,100.0,100.0,100.0,100.0,100.0,100.0,100.0,100.0,100.0,100.0,100.0,100.0,100.0,100.0,100.0,100.0,100.0,100.0,100.0,100.0,100.0,100.0,100.0,100.0,100.0,100.0,100.0,100.0,100.0,99.85714285714286,99.71428571428571,99.57142857142857,99.42857142857143,99.28571428571429,99.14285714285714,99.0,99.0,99.0,99.0,99.0,99.0,99.0,99.0,99.0,98.75,98.5,98.25,98.0,98.0,98.0,98.0,98.0,98.0,98.0,98.0,98.0,98.0,98.0,98.0,97.88888888888889,97.77777777777777,97.66666666666667,97.55555555555556,97.44444444444444,97.33333333333333,97.22222222222223,97.11111111111111,97.0,97.0,97.0,97.0,97.0,96.75,96.5,96.25,96.0,96.0,96.0,96.0,96.0,96.0,96.0,96.0,96.0,96.0,96.0,96.0,96.0,95.66666666666667,95.33333333333333,95.0,95.0,95.0,95.0,95.0,95.0,95.0,95.0,95.0,95.0,95.0,94.9,94.8,94.7,94.6,94.5,94.4,94.3,94.2,94.1,94.0,94.0,94.0,94.0,93.75,93.5,93.25,93.0,93.0,93.0,93.0,93.0,93.0,93.0,93.0,93.0,93.0,93.0,92.66666666666667,92.33333333333333,92.0,92.0,92.0,92.0,92.0,92.0,92.0,92.0,92.0,92.0,92.0,92.0,92.0,91.5,91.0,91.0,91.0,91.0,91.0,91.0,91.0,91.0,90.75,90.5,90.25,90.0,90.0,90.0,90.0,90.0,90.0,90.0,90.0,90.0,90.0,90.0,90.0,90.0,90.0,90.0,90.0,90.0,89.66666666666667,89.33333333333333,89.0,89.0,89.0,89.0,89.0,89.0,89.0,89.0,89.0,89.0,89.0,89.0,89.0,89.0,88.8,88.6,88.4,88.2,88.0,88.0,88.0,88.0,88.0,88.0,88.0,88.0,87.875,87.75,87.625,87.5,87.375,87.25,87.125,87.0,87.0,87.0,87.0,87.0,87.0,87.0,87.0,87.0,86.75,86.5,86.25,86.0,86.0,86.0,86.0,86.0,86.0,85.8,85.6,85.4,85.2,85.0,85.0,85.0,85.0,85.0,85.0,85.0,85.0,85.0,85.0,85.0,85.0,85.0,85.0,85.0,85.0,84.0,84.0,84.0,84.0,84.0,84.0,84.0,84.0,84.0,84.0,84.0,83.66666666666667,83.33333333333333,83.0,83.0,83.0,83.0,83.0,83.0,83.0,83.0,83.0,83.0,83.0,83.0,82.85714285714286,82.71428571428571,82.57142857142857,82.42857142857143,82.28571428571429,82.14285714285714,82.0,82.0,82.0,82.0,82.0,82.0,82.0,82.0,82.0,81.85714285714286,81.71428571428571,81.57142857142857,81.42857142857143,81.28571428571429,81.14285714285714,81.0,81.0,81.0,81.0,81.0,81.0,81.0,81.0,81.0,80.8,80.6,80.4,80.2,80.0,80.0,80.0,80.0,80.0,80.0,80.0,79.9,79.8,79.7,79.6,79.5,79.4,79.3,79.2,79.1,79.0,79.0,79.0,79.0,79.0,79.0,79.0,79.0,79.0,78.66666666666667,78.33333333333333,78.0,78.0,78.0,78.0,78.0,78.0,78.0,78.0,78.0,78.0,78.0,78.0,78.0,78.0,78.0,77.66666666666667,77.33333333333333,77.0,77.0,77.0,77.0,77.0,77.0,77.0,77.0,77.0,76.66666666666667,76.33333333333333,76.0,76.0,76.0,76.0,76.0,76.0,76.0,76.0,76.0,76.0,76.0,76.0,76.0,76.0,76.0,76.0,75.5,75.0,75.0,75.0,75.0,75.0,75.0,75.0,75.0,75.0,75.0,74.0,74.0,74.0,74.0,74.0,74.0,74.0,74.0,74.0,74.0,74.0,74.0,74.0,73.85714285714286,73.71428571428571,73.57142857142857,73.42857142857143,73.28571428571429,73.14285714285714,73.0,73.0,73.0,73.0,72.875,72.75,72.625,72.5,72.375,72.25,72.125,72.0,72.0,72.0,72.0,72.0,71.85714285714286,71.71428571428571,71.57142857142857,71.42857142857143,71.28571428571429,71.14285714285714,71.0,70.66666666666667,70.33333333333333,70.0,70.0,70.0,70.0,70.0,70.0,70.0,70.0,70.0,70.0,69.5,69.0,69.0,69.0,69.0,68.9,68.8,68.7,68.6,68.5,68.4,68.3,68.2,68.1,68.0,68.0,68.0,68.0,68.0,68.0,68.0,67.5,67.0,67.0,67.0,67.0,67.0,67.0,67.0,67.0,67.0,67.0,67.0,66.66666666666667,66.33333333333333,66.0,66.0,66.0,66.0,66.0,65.0,65.0,65.0,65.0,65.0,65.0,65.0,65.0,65.0,65.0,65.0,65.0,65.0,65.0,65.0,64.75,64.5,64.25,64.0,63.75,63.5,63.25,63.0,63.0,63.0,63.0,63.0,63.0,63.0,63.0,62.8,62.6,62.4,62.2,62.0,62.0,62.0,62.0,61.75,61.5,61.25,61.0,61.0,61.0,61.0,61.0,61.0,61.0,61.0,61.0,61.0,61.0,61.0,61.0,61.0,61.0,61.0,61.0,61.0,61.0,61.0,61.0,61.0,61.0,61.0,61.0,61.0,61.0,61.0,61.0,61.0,61.0,61.0,61.0,61.0,61.0,61.0,61.0,61.0,61.0,61.0,61.0,61.0,61.0,61.0,61.0,61.0,61.0,61.0,61.0,61.0,61.0,61.0,61.0,61.0,61.0,61.0,61.0,61.0,61.0,61.0,61.0,61.0,61.0,61.0,61.0,61.0,61.0,61.0,61.0,61.0,61.0,61.0,61.0,61.0,61.0,61.0,61.0,61.0,61.0,61.0,61.0,61.0,61.0,61.0,61.0,61.0,61.0,61.0,61.0,61.0,61.0,61.0,61.0,61.0,61.0,61.0,61.0,61.0,61.0,61.0,61.0,61.0,61.0,61.0,61.0,61.0,61.0,61.0,61.0,61.0,61.0,61.0,61.0,61.0,61.0,61.0,61.0,61.0,61.0,61.0,61.0,61.0,61.0,61.0,61.0,61.0,61.0,61.0,61.0,61.0,61.0,61.0,61.0,61.0,61.0,61.0,61.0,61.0,61.0,61.0,61.0,61.0,61.0,61.0,61.0,61.0,61.0,61.0,61.0,61.0,61.0,61.0,61.0,61.0,61.0,61.0,61.0,61.0,61.0,61.0,61.0,61.0,61.0,61.0,61.0,61.0,61.0,61.0,61.0,61.0,61.0,61.0,61.0,61.0,61.0,61.0,61.0,61.0,61.0,61.0,61.0,61.0,61.0,61.0,61.0,61.0,61.0,61.0,61.0,61.0,61.0,61.0,60.8,60.6,60.4,60.2,60.0,60.5,61.0,60.8,60.6,60.4,60.2,60.0,60.0,60.0,60.0,60.0,60.0,60.0,60.0,60.0,60.5,61.0,61.0,61.0,61.0,61.0,61.0,61.0,61.0,61.0,61.0,61.0,61.0,61.0,61.0,61.0,62.0,62.142857142857146,62.285714285714285,62.42857142857143,62.57142857142857,62.714285714285715,62.857142857142854,63.0,63.0,63.0,63.333333333333336,63.666666666666664,64.0,65.0,65.0,65.0,65.33333333333333,65.66666666666667,66.0,66.25,66.5,66.75,67.0,67.0,67.33333333333333,67.66666666666667,68.0,68.0,69.0,69.0,69.0,69.5,70.0,70.0,70.0,71.0,71.0,71.0,71.4,71.8,72.2,72.6,73.0,73.4,73.8,74.2,74.6,75.0,75.0,76.0,76.0,76.33333333333333,76.66666666666667,77.0,78.0,78.5,79.0,79.25,79.5,79.75,80.0,80.0,80.5,81.0,81.75,82.5,83.25,84.0,84.0,84.0,84.5,85.0,85.5,86.0,86.33333333333333,86.66666666666667,87.0,87.33333333333333,87.66666666666667,88.0,88.5,89.0,90.0,90.0,90.0,90.0,91.0,91.33333333333333,91.66666666666667,92.0,92.0,92.0,93.0,94.0,94.36363636363636,94.72727272727273,95.0909090909091,95.45454545454545,95.81818181818181,96.18181818181819,96.54545454545455,96.9090909090909,97.27272727272727,97.63636363636364,98.0,98.5,99.0,99.0,99.0,99.0,99.0,99.0,99.0,99.0,99.0,99.0,99.0,99.0,99.0,99.0,99.0,99.0,99.0,99.0,99.0,99.0,99.0,99.0,99.0,99.0,99.0,99.0,99.0,99.0,99.0,99.0,99.0,99.0,99.0,99.0,99.0,99.0,99.0,99.0,99.0,99.0,99.0,99.0,99.0,99.0,99.0,99.0,99.0,99.0,99.0,99.0,99.0,99.0,99.0,99.0,99.0,99.0,99.0,99.0,99.0,99.0,99.0,99.0,99.0,99.0,99.0,99.0,99.0,99.0,99.0,99.0,99.0,99.0,99.0,99.0,99.0,99.0,99.0,99.0,99.0,99.0,99.0,99.0,99.0,99.0,99.0,99.0,99.0,99.0,99.0,99.0,99.0,99.0,99.0,99.0,99.0,99.0,99.0,99.0,99.0,99.0,99.0,99.0,99.0,99.0,99.0,99.0,99.0,99.0,99.0,99.0,99.0,99.0,99.0,99.0,99.0,99.0,99.0,99.0,99.0,99.0,99.0,99.0,99.0,99.0,99.0,99.0,99.0,99.0,99.0,99.0,99.0,99.0,99.0,99.0,99.0,99.0,99.0,99.0,99.0,99.0,99.0,99.0,99.0,99.0,99.0,99.0,99.0,99.0,99.0,99.0,99.0,99.0,99.0,99.0,99.0,99.0,99.0,99.0,99.0,99.0,99.0,99.0,99.0,99.0,99.0,99.0,99.0,99.0,99.0,99.0,99.0,99.0,99.0,99.0,99.0,99.0,99.0,99.0,99.0,99.0,99.0,99.0,99.0,99.0,99.0,99.0,99.0,99.0,99.0,99.0,99.0,99.0,99.0,99.0,99.0,99.0,99.0,99.0,99.0,99.0,99.0,99.0,99.0,99.0,99.0,99.0,99.0,99.0,99.0,99.0,99.0,99.0,99.0,99.0,99.0,99.0,99.0,99.0,99.0,99.0,99.0,99.0,99.0,99.0,99.0,99.0,99.0,99.0,99.0,99.0,99.0,99.0,99.0,99.0,99.0,99.0,99.0,99.0,99.0,99.0,99.0,99.0,99.0,99.0,99.0,99.0,99.0,99.0,99.0,99.0,99.0,99.0,99.0,99.0,99.0,99.0,99.0,99.0,99.0,99.0,99.0,99.0,99.0,99.0,99.0,99.0,99.0,99.0,99.0,99.0,99.0,99.0,99.0,99.0,99.0,99.0,99.0,99.0,99.0,99.0,99.0,99.0,99.0,99.0,99.0,99.0,99.0,99.0,99.0,99.0,99.0,99.0,99.0,99.0,99.0,99.0,99.0,99.0,99.0,99.0,99.0,99.0,99.0,99.0,99.0,99.0,99.0,99.0,99.0,99.0,99.0,99.0,99.0,99.0,99.0,99.0,99.0,99.0,99.0,99.0,99.0,99.0,99.0,99.0,99.0,99.0,99.0,99.0,99.0,99.0,99.0,99.0,99.0,99.0,99.0,99.0,99.0,99.0,99.0,99.0,99.0,99.0,99.0,99.0,99.0,99.0,99.0,99.0,99.0,99.0,99.0,99.0,99.0,99.0,99.0,99.0,99.0,99.0,99.0,99.0,99.0,99.0,99.0,99.0,99.0,99.0,99.0,99.0,99.0,99.0,99.0,99.0,99.0,99.0,99.0,99.0,99.0,99.0,99.0,99.0,99.0,99.0,99.0,99.0,99.0,99.0,99.0,99.0,99.0,99.0,99.0,99.0,99.0,99.0,99.0,99.0,99.0,99.0,99.0,99.0,99.0,99.0,99.0,99.0,99.0,99.0,99.0,99.0,99.0,99.0,99.0,99.0,99.0,99.0,99.0,99.0,99.0,99.0,99.0,99.0,99.0,99.0,99.0,99.0,99.0,99.0,99.0,99.0,99.0,99.0,99.0,99.0,99.0,99.0,99.0,99.0,99.0,99.0,99.0,99.0,99.0,99.0,99.0,99.0,99.0,99.0,99.0,99.0,99.0,99.0,99.0,99.0,99.0,99.0,99.0,99.0,99.0,99.0,99.0,99.0,99.0,99.0,99.0,99.0,99.0,99.0,99.0,99.0,99.0,99.0,99.0,99.0,99.0,99.0,99.0,99.0,99.0,99.0,99.0,99.0,99.0,99.0,99.0,99.0,99.0,99.0,99.0,99.0,99.0,99.0,99.0,99.0,99.0,99.0,99.0,99.0,99.0,99.0,99.0,99.0,99.0,99.0,99.0,99.0,99.0,99.0,99.0,99.0,99.0,99.0,99.0,99.0,99.0,99.0,99.0,99.0,99.0,99.0,99.0,99.0,99.0,99.0,99.0,99.0,99.0,99.0,99.0,99.0,99.0,99.0,99.0,99.0,99.0,99.0,99.0,99.0,99.0,99.0,99.0,99.0,99.0,99.0,99.0,99.0,99.0,99.0,99.0,99.0,99.0,99.0,99.0,99.0,99.0,99.0,99.0,99.0,99.0,99.0,99.0,99.0,99.0,99.0,99.0,99.16666666666667,99.33333333333333,99.5,99.66666666666667,99.83333333333333,100.0,100.0,100.0,100.0,100.0,100.0,100.0,100.0,100.0,100.0,100.0,100.0,100.0,100.0,100.0,100.0,100.0,100.0,100.0,100.0,100.0,100.0,100.0,100.0,100.0,100.0,100.0,100.0,100.0,100.0,100.0,100.0,100.0,100.0,100.0,100.0,100.0,100.0,100.0,100.0,100.0,100.0,100.0,100.0,100.0,100.0,100.0,100.0,100.0,100.0,100.0,100.0,100.0,100.0,100.0,99.75,99.5,99.25,99.0,99.0,99.0,99.0,99.0,99.0,99.0,99.0,98.66666666666667,98.33333333333333,98.0,98.0,98.0,98.0,98.0,98.0,98.0,98.0,98.0,98.0,98.0,97.85714285714286,97.71428571428571,97.57142857142857,97.42857142857143,97.28571428571429,97.14285714285714,97.0,97.0,97.0,97.0,97.0,97.0,97.0,96.83333333333333,96.66666666666667,96.5,96.33333333333333,96.16666666666667,96.0,96.0,96.0,96.0,96.0,96.0,96.0,96.0,96.0,96.0,96.0,96.0,95.66666666666667,95.33333333333333,95.0,95.0,95.0,95.0,95.0,95.0,94.9090909090909,94.81818181818181,94.72727272727273,94.63636363636364,94.54545454545455,94.45454545454545,94.36363636363636,94.27272727272727,94.18181818181819,94.0909090909091,94.0,94.0,93.92307692307692,93.84615384615384,93.76923076923077,93.6923076923077,93.61538461538461,93.53846153846153,93.46153846153847,93.38461538461539,93.3076923076923,93.23076923076923,93.15384615384616,93.07692307692308,93.0,93.0,93.0,93.0,93.0,93.0,92.91666666666667,92.83333333333333,92.75,92.66666666666667,92.58333333333333,92.5,92.41666666666667,92.33333333333333,92.25,92.16666666666667,92.08333333333333,92.0,92.0,92.0,92.0,92.0,91.66666666666667,91.33333333333333,91.0,91.0,91.0,91.0,91.0,91.0,91.0,91.0,90.66666666666667,90.33333333333333,90.0,90.0,90.0,90.0,90.0,90.0,90.0,90.0,90.0,90.0,90.0,90.0,90.0,90.0,90.0,89.83333333333333,89.66666666666667,89.5,89.33333333333333,89.16666666666667,89.0,89.0,89.0,89.0,89.0,89.0,89.0,89.0,89.0,89.0,89.0,89.0,88.8,88.6,88.4,88.2,88.0,88.0,88.0,88.0,88.0,88.0,88.0,88.0,87.66666666666667,87.33333333333333,87.0,87.0,87.0,87.0,87.0,87.0,87.0,87.0,87.0,87.0,87.0,87.0,86.66666666666667,86.33333333333333,86.0,86.0,86.0,86.0,86.0,86.0,86.0,86.0,86.0,86.0,86.0,85.75,85.5,85.25,85.0,85.0,85.0,85.0,85.0,85.0,85.0,85.0,85.0,85.0,85.0,85.0,85.0,84.75,84.5,84.25,84.0,84.0,84.0,84.0,84.0,84.0,84.0,83.75,83.5,83.25,83.0,83.0,83.0,83.0,83.0,83.0,83.0,83.0,83.0,83.0,83.0,83.0,83.0,83.0,82.75,82.5,82.25,82.0,81.92857142857143,81.85714285714286,81.78571428571429,81.71428571428571,81.64285714285714,81.57142857142857,81.5,81.42857142857143,81.35714285714286,81.28571428571429,81.21428571428571,81.14285714285714,81.07142857142857,81.0,81.0,81.0,81.0,81.0,81.0,81.0,81.0,81.0,81.0,81.0,81.0,81.0,80.875,80.75,80.625,80.5,80.375,80.25,80.125,80.0,80.0,80.0,79.66666666666667,79.33333333333333,79.0,79.0,79.0,79.0,79.0,79.0,79.0,79.0,79.0,79.0,79.0,79.0,79.0,79.0,79.0,79.0,78.0,78.0,78.0,78.0,78.0,78.0,78.0,78.0,78.0,78.0,78.0,78.0,78.0,78.0,78.0,78.0,77.83333333333333,77.66666666666667,77.5,77.33333333333333,77.16666666666667,77.0,77.0,77.0,77.0,77.0,77.0,76.8,76.6,76.4,76.2,76.0,76.0,76.0,76.0,76.0,76.0,76.0,76.0,76.0,76.0,75.83333333333333,75.66666666666667,75.5,75.33333333333333,75.16666666666667,75.0,75.0,75.0,75.0,75.0,75.0,75.0,74.75,74.5,74.25,74.0,74.0,74.0,74.0,74.0,74.0,74.0,74.0,74.0,74.0,74.0,74.0,74.0,73.9,73.8,73.7,73.6,73.5,73.4,73.3,73.2,73.1,73.0,73.0,73.0,73.0,72.66666666666667,72.33333333333333,72.0,72.0,72.0,72.0,72.0,72.0,72.0,72.0,72.0,72.0,72.0,72.0,71.875,71.75,71.625,71.5,71.375,71.25,71.125,71.0,71.0,71.0,71.0,71.0,70.83333333333333,70.66666666666667,70.5,70.33333333333333,70.16666666666667,70.0,70.0,70.0,70.0,70.0,70.0,70.0,70.0,70.0,70.0,70.0,70.0,69.88888888888889,69.77777777777777,69.66666666666667,69.55555555555556,69.44444444444444,69.33333333333333,69.22222222222223,69.11111111111111,69.0,69.0,69.0,69.0,69.0,69.0,69.0,68.66666666666667,68.33333333333333,68.0,68.0,67.9,67.8,67.7,67.6,67.5,67.4,67.3,67.2,67.1,67.0,67.0,67.0,67.0,67.0,67.0,67.0,67.0,67.0,67.0,67.0,67.0,67.0,66.66666666666667,66.33333333333333,66.0,66.0,66.0,66.0,65.75,65.5,65.25,65.0,65.0,65.0,65.0,65.0,65.0,65.0,65.0,65.0,65.0,65.0,65.0,65.0,64.8,64.6,64.4,64.2,64.0,64.0,63.666666666666664,63.333333333333336,63.0,63.0,63.0,63.0,63.0,63.0,63.0,63.0,63.0,63.0,62.75,62.5,62.25,62.0,61.75,61.5,61.25,61.0,61.0,61.0,61.0,61.0,61.0,61.0,61.0,61.0,61.0,61.0,61.0,61.0,61.0,61.0,61.0,61.0,61.0,61.0,61.0,61.0,61.0,61.0,61.0,61.0,61.0,61.0,61.0,61.0,61.0,61.0,61.0,61.0,61.0,61.0,61.0,61.0,61.0,61.0,61.0,61.0,61.0,61.0,61.0,61.0,61.0,61.0,61.0,61.0,61.0,61.0,61.0,61.0,61.0,61.0,61.0,61.0,61.0,61.0,61.0,61.0,61.0,61.0,61.0,61.0,61.0,61.0,61.0,61.0,61.0,61.0,61.0,61.0,61.0,61.0,61.0,61.0,61.0,61.0,61.0,61.0,61.0,61.0,61.0,61.0,61.0,61.0,61.0,61.0,61.0,61.0,61.0,61.0,61.0,61.0,61.0,61.0,61.0,61.0,61.0,61.0,61.0,61.0,61.0,61.0,61.0,61.0,61.0,61.0,61.0,61.0,61.0,61.0,61.0,61.0,61.0,61.0,61.0,61.0,61.0,61.0,61.0,61.0,61.0,61.0,61.0,61.0,61.0,61.0,61.0,61.0,61.0,61.0,61.0,61.0,61.0,61.0,61.0,61.0,61.0,61.0,61.0,61.0,61.0,61.0,61.0,61.0,61.0,61.0,61.0,61.0,61.0,61.0,61.0,61.0,61.0,61.0,61.0,61.0,61.0,61.0,61.0,61.0,61.0,61.0,61.0,61.0,61.0,61.0,61.0,61.0,61.0,61.0,61.0,61.0,61.0,61.0,61.0,61.0,61.0,61.0,61.0,61.0,61.0,61.0,61.0,61.0,60.5,60.0,60.0,60.0,60.0,60.0,60.0,60.0,60.5,61.0,61.0,61.0,61.0,61.0,61.0,61.0,61.0,61.0,61.0,61.0,61.0,61.0,61.0,61.0,61.0,61.5,62.0,62.0,62.0,62.0,62.0,62.0,63.0,63.0,63.0,63.0,63.0,63.333333333333336,63.666666666666664,64.0,64.2,64.4,64.6,64.8,65.0,65.0,65.0,65.0,65.0,66.0,66.16666666666667,66.33333333333333,66.5,66.66666666666667,66.83333333333333,67.0,67.33333333333333,67.66666666666667,68.0,68.5,69.0,69.0,69.0,69.33333333333333,69.66666666666667,70.0,70.33333333333333,70.66666666666667,71.0,71.5,72.0,72.5,73.0,73.5,74.0,74.5,75.0,75.5,76.0,76.5,77.0,77.5,78.0,78.5,79.0,79.0,80.0,80.5,81.0,81.5,82.0,82.5,83.0,83.5,84.0,85.0,85.33333333333333,85.66666666666667,86.0,86.0,86.66666666666667,87.33333333333333,88.0,88.0,89.0,89.0,90.0,90.5,91.0,91.5,92.0,92.5,93.0,93.5,94.0,94.25,94.5,94.75,95.0,95.5,96.0,96.0,97.0,97.28571428571429,97.57142857142857,97.85714285714286,98.14285714285714,98.42857142857143,98.71428571428571,99.0,99.0,99.0,99.0,99.0,99.0,99.0,99.0,99.0,99.0,99.0,99.0,99.0,99.0,99.0,99.0,99.0,99.0,99.0,99.0,99.0,99.0,99.0,99.0,99.0,99.0,99.0,99.0,99.0,99.0,99.0,99.0,99.0,99.0,99.0,99.0,99.0,99.0,99.0,99.0,99.0,99.0,99.0,99.0,99.0,99.0,99.0,99.0,99.0,99.0,99.0,99.0,99.0,99.0,99.0,99.0,99.0,99.0,99.0,99.0,99.0,99.0,99.0,99.0,99.0,99.0,99.0,99.0,99.0,99.0,99.0,99.0,99.0,99.0,99.0,99.0,99.0,99.0,99.0,99.0,99.0,99.0,99.0,99.0,99.0,99.0,99.0,99.0,99.0,99.0,99.0,99.0,99.0,99.0,99.0,99.0,99.0,99.0,99.0,99.0,99.0,99.0,99.0,99.0,99.0,99.0,99.0,99.0,99.0,99.0,99.0,99.0,99.0,99.0,99.0,99.0,99.0,99.0,99.0,99.0,99.0,99.0,99.0,99.0
13841.0,13842.0,13843.0,13844.0,13845.0,13846.0,13847.0,13848.0,13849.0,13850.0,13851.0,13852.0,13853.0,13854.0,13855.0,13856.0,13857.0,13858.0,13859.0,13860.0,13861.0,13862.0,13863.0,13864.0,13865.0,13866.0,13867.0,13868.0,13869.0,13870.0,13871.0,13872.0,13873.0,13874.0,13875.0,13876.0,13877.0,13878.0,13879.0,13880.0,13881.0,13882.0,13883.0,13884.0,13885.0,13886.0,13887.0,13888.0,13889.0,13890.0,13891.0,13892.0,13893.0,13894.0,13895.0,13896.0,13897.0,13898.0,13899.0,13900.0,13901.0,13902.0,13903.0,13904.0,13905.0,13906.0,13907.0,13908.0,13909.0,13910.0,13911.0,13912.0,13913.0,13914.0,13915.0,13916.0,13917.0,13918.0,13919.0,13920.0,13921.0,13922.0,13923.0,13924.0,13925.0,13926.0,13927.0,13928.0,13929.0,13930.0,13931.0,13932.0,13933.0,13934.0,13935.0,13936.0,13937.0,13938.0,13939.0,13940.0,13941.0,13942.0,13943.0,13944.0,13945.0,13946.0,13947.0,13948.0,13949.0,13950.0,13951.0,13952.0,13953.0,13954.0,13955.0,13956.0,13957.0,13958.0,13959.0,13960.0,13961.0,13962.0,13963.0,13964.0,13965.0,13966.0,13967.0,13968.0,13969.0,13970.0,13971.0,13972.0,13973.0,13974.0,13975.0,13976.0,13977.0,13978.0,13979.0,13980.0,13981.0,13982.0,13983.0,13984.0,13985.0,13986.0,13987.0,13988.0,13989.0,13990.0,13991.0,13992.0,13993.0,13994.0,13995.0,13996.0,13997.0,13998.0,13999.0,14000.0,14001.0,14002.0,14003.0,14004.0,14005.0,14006.0,14007.0,14008.0,14009.0,14010.0,14011.0,14012.0,14013.0,14014.0,14015.0,14016.0,14017.0,14018.0,14019.0,14020.0,14021.0,14022.0,14023.0,14024.0,14025.0,14026.0,14027.0,14028.0,14029.0,14030.0,14031.0,14032.0,14033.0,14034.0,14035.0,14036.0,14037.0,14038.0,14039.0,14040.0,14041.0,14042.0,14043.0,14044.0,14045.0,14046.0,14047.0,14048.0,14049.0,14050.0,14051.0,14052.0,14053.0,14054.0,14055.0,14056.0,14057.0,14058.0,14059.0,14060.0,14061.0,14062.0,14063.0,14064.0,14065.0,14066.0,14067.0,14068.0,14069.0,14070.0,14071.0,14072.0,14073.0,14074.0,14075.0,14076.0,14077.0,14078.0,14079.0,14080.0,14081.0,14082.0,14083.0,14084.0,14085.0,14086.0,14087.0,14088.0,14089.0,14090.0,14091.0,14092.0,14093.0,14094.0,14095.0,14096.0,14097.0,14098.0,14099.0,14100.0,14101.0,14102.0,14103.0,14104.0,14105.0,14106.0,14107.0,14108.0,14109.0,14110.0,14111.0,14112.0,14113.0,14114.0,14115.0,14116.0,14117.0,14118.0,14119.0,14120.0,14121.0,14122.0,14123.0,14124.0,14125.0,14126.0,14127.0,14128.0,14129.0,14130.0,14131.0,14132.0,14133.0,14134.0,14135.0,14136.0,14137.0,14138.0,14139.0,14140.0,14141.0,14142.0,14143.0,14144.0,14145.0,14146.0,14147.0,14148.0,14149.0,14150.0,14151.0,14152.0,14153.0,14154.0,14155.0,14156.0,14157.0,14158.0,14159.0,14160.0,14161.0,14162.0,14163.0,14164.0,14165.0,14166.0,14167.0,14168.0,14169.0,14170.0,14171.0,14172.0,14173.0,14174.0,14175.0,14176.0,14177.0,14178.0,14179.0,14180.0,14181.0,14182.0,14183.0,14184.0,14185.0,14186.0,14187.0,14188.0,14189.0,14190.0,14191.0,14192.0,14193.0,14194.0,14195.0,14196.0,14197.0,14198.0,14199.0,14200.0,14201.0,14202.0,14203.0,14204.0,14205.0,14206.0,14207.0,14208.0,14209.0,14210.0,14211.0,14212.0,14213.0,14214.0,14215.0,14216.0,14217.0,14218.0,14219.0,14220.0,14221.0,14222.0,14223.0,14224.0,14225.0,14226.0,14227.0,14228.0,14229.0,14230.0,14231.0,14232.0,14233.0,14234.0,14235.0,14236.0,14237.0,14238.0,14239.0,14240.0,14241.0,14242.0,14243.0,14244.0,14245.0,14246.0,14247.0,14248.0,14249.0,14250.0,14251.0,14252.0,14253.0,14254.0,14255.0,14256.0,14257.0,14258.0,14259.0,14260.0,14261.0,14262.0,14263.0,14264.0,14265.0,14266.0,14267.0,14268.0,14269.0,14270.0,14271.0,14272.0,14273.0,14274.0,14275.0,14276.0,14277.0,14278.0,14279.0,14280.0,14281.0,14282.0,14283.0,14284.0,14285.0,14286.0,14287.0,14288.0,14289.0,14290.0,14291.0,14292.0,14293.0,14294.0,14295.0,14296.0,14297.0,14298.0,14299.0,14300.0,14301.0,14302.0,14303.0,14304.0,14305.0,14306.0,14307.0,14308.0,14309.0,14310.0,14311.0,14312.0,14313.0,14314.0,14315.0,14316.0,14317.0,14318.0,14319.0,14320.0,14321.0,14322.0,14323.0,14324.0,14325.0,14326.0,14327.0,14328.0,14329.0,14330.0,14331.0,14332.0,14333.0,14334.0,14335.0,14336.0,14337.0,14338.0,14339.0,14340.0,14341.0,14342.0,14343.0,14344.0,14345.0,14346.0,14347.0,14348.0,14349.0,14350.0,14351.0,14352.0,14353.0,14354.0,14355.0,14356.0,14357.0,14358.0,14359.0,14360.0,14361.0,14362.0,14363.0,14364.0,14365.0,14366.0,14367.0,14368.0,14369.0,14370.0,14371.0,14372.0,14373.0,14374.0,14375.0,14376.0,14377.0,14378.0,14379.0,14380.0,14381.0,14382.0,14383.0,14384.0,14385.0,14386.0,14387.0,14388.0,14389.0,14390.0,14391.0,14392.0,14393.0,14394.0,14395.0,14396.0,14397.0,14398.0,14399.0,14400.0,14401.0,14402.0,14403.0,14404.0,14405.0,14406.0,14407.0,14408.0,14409.0,14410.0,14411.0,14412.0,14413.0,14414.0,14415.0,14416.0,14417.0,14418.0,14419.0,14420.0,14421.0,14422.0,14423.0,14424.0,14425.0,14426.0,14427.0,14428.0,14429.0,14430.0,14431.0,14432.0,14433.0,14434.0,14435.0,14436.0,14437.0,14438.0,14439.0,14440.0,14441.0,14442.0,14443.0,14444.0,14445.0,14446.0,14447.0,14448.0,14449.0,14450.0,14451.0,14452.0,14453.0,14454.0,14455.0,14456.0,14457.0,14458.0,14459.0,14460.0,14461.0,14462.0,14463.0,14464.0,14465.0,14466.0,14467.0,14468.0,14469.0,14470.0,14471.0,14472.0,14473.0,14474.0,14475.0,14476.0,14477.0,14478.0,14479.0,14480.0,14481.0,14482.0,14483.0,14484.0,14485.0,14486.0,14487.0,14488.0,14489.0,14490.0,14491.0,14492.0,14493.0,14494.0,14495.0,14496.0,14497.0,14498.0,14499.0,14500.0,14501.0,14502.0,14503.0,14504.0,14505.0,14506.0,14507.0,14508.0,14509.0,14510.0,14511.0,14512.0,14513.0,14514.0,14515.0,14516.0,14517.0,14518.0,14519.0,14520.0,14521.0,14522.0,14523.0,14524.0,14525.0,14526.0,14527.0,14528.0,14529.0,14530.0,14531.0,14532.0,14533.0,14534.0,14535.0,14536.0,14537.0,14538.0,14539.0,14540.0,14541.0,14542.0,14543.0,14544.0,14545.0,14546.0,14547.0,14548.0,14549.0,14550.0,14551.0,14552.0,14553.0,14554.0,14555.0,14556.0,14557.0,14558.0,14559.0,14560.0,14561.0,14562.0,14563.0,14564.0,14565.0,14566.0,14567.0,14568.0,14569.0,14570.0,14571.0,14572.0,14573.0,14574.0,14575.0,14576.0,14577.0,14578.0,14579.0,14580.0,14581.0,14582.0,14583.0,14584.0,14585.0,14586.0,14587.0,14588.0,14589.0,14590.0,14591.0,14592.0,14593.0,14594.0,14595.0,14596.0,14597.0,14598.0,14599.0,14600.0,14601.0,14602.0,14603.0,14604.0,14605.0,14606.0,14607.0,14608.0,14609.0,14610.0,14611.0,14612.0,14613.0,14614.0,14615.0,14616.0,14617.0,14618.0,14619.0,14620.0,14621.0,14622.0,14623.0,14624.0,14625.0,14626.0,14627.0,14628.0,14629.0,14630.0,14631.0,14632.0,14633.0,14634.0,14635.0,14636.0,14637.0,14638.0,14639.0,14640.0,14641.0,14642.0,14643.0,14644.0,14645.0,14646.0,14647.0,14648.0,14649.0,14650.0,14651.0,14652.0,14653.0,14654.0,14655.0,14656.0,14657.0,14658.0,14659.0,14660.0,14661.0,14662.0,14663.0,14664.0,14665.0,14666.0,14667.0,14668.0,14669.0,14670.0,14671.0,14672.0,14673.0,14674.0,14675.0,14676.0,14677.0,14678.0,14679.0,14680.0,14681.0,14682.0,14683.0,14684.0,14685.0,14686.0,14687.0,14688.0,14689.0,14690.0,14691.0,14692.0,14693.0,14694.0,14695.0,14696.0,14697.0,14698.0,14699.0,14700.0,14701.0,14702.0,14703.0,14704.0,14705.0,14706.0,14707.0,14708.0,14709.0,14710.0,14711.0,14712.0,14713.0,14714.0,14715.0,14716.0,14717.0,14718.0,14719.0,14720.0,14721.0,14722.0,14723.0,14724.0,14725.0,14726.0,14727.0,14728.0,14729.0,14730.0,14731.0,14732.0,14733.0,14734.0,14735.0,14736.0,14737.0,14738.0,14739.0,14740.0,14741.0,14742.0,14743.0,14744.0,14745.0,14746.0,14747.0,14748.0,14749.0,14750.0,14751.0,14752.0,14753.0,14754.0,14755.0,14756.0,14757.0,14758.0,14759.0,14760.0,14761.0,14762.0,14763.0,14764.0,14765.0,14766.0,14767.0,14768.0,14769.0,14770.0,14771.0,14772.0,14773.0,14774.0,14775.0,14776.0,14777.0,14778.0,14779.0,14780.0,14781.0,14782.0,14783.0,14784.0,14785.0,14786.0,14787.0,14788.0,14789.0,14790.0,14791.0,14792.0,14793.0,14794.0,14795.0,14796.0,14797.0,14798.0,14799.0,14800.0,14801.0,14802.0,14803.0,14804.0,14805.0,14806.0,14807.0,14808.0,14809.0,14810.0,14811.0,14812.0,14813.0,14814.0,14815.0,14816.0,14817.0,14818.0,14819.0,14820.0,14821.0,14822.0,14823.0,14824.0,14825.0,14826.0,14827.0,14828.0,14829.0,14830.0,14831.0,14832.0,14833.0,14834.0,14835.0,14836.0,14837.0,14838.0,14839.0,14840.0,14841.0,14842.0,14843.0,14844.0,14845.0,14846.0,14847.0,14848.0,14849.0,14850.0,14851.0,14852.0,14853.0,14854.0,14855.0,14856.0,14857.0,14858.0,14859.0,14860.0,14861.0,14862.0,14863.0,14864.0,14865.0,14866.0,14867.0,14868.0,14869.0,14870.0,14871.0,14872.0,14873.0,14874.0,14875.0,14876.0,14877.0,14878.0,14879.0,14880.0,14881.0,14882.0,14883.0,14884.0,14885.0,14886.0,14887.0,14888.0,14889.0,14890.0,14891.0,14892.0,14893.0,14894.0,14895.0,14896.0,14897.0,14898.0,14899.0,14900.0,14901.0,14902.0,14903.0,14904.0,14905.0,14906.0,14907.0,14908.0,14909.0,14910.0,14911.0,14912.0,14913.0,14914.0,14915.0,14916.0,14917.0,14918.0,14919.0,14920.0,14921.0,14922.0,14923.0,14924.0,14925.0,14926.0,14927.0,14928.0,14929.0,14930.0,14931.0,14932.0,14933.0,14934.0,14935.0,14936.0,14937.0,14938.0,14939.0,14940.0,14941.0,14942.0,14943.0,14944.0,14945.0,14946.0,14947.0,14948.0,14949.0,14950.0,14951.0,14952.0,14953.0,14954.0,14955.0,14956.0,14957.0,14958.0,14959.0,14960.0,14961.0,14962.0,14963.0,14964.0,14965.0,14966.0,14967.0,14968.0,14969.0,14970.0,14971.0,14972.0,14973.0,14974.0,14975.0,14976.0,14977.0,14978.0,14979.0,14980.0,14981.0,14982.0,14983.0,14984.0,14985.0,14986.0,14987.0,14988.0,14989.0,14990.0,14991.0,14992.0,14993.0,14994.0,14995.0,14996.0,14997.0,14998.0,14999.0,15000.0,15001.0,15002.0,15003.0,15004.0,15005.0,15006.0,15007.0,15008.0,15009.0,15010.0,15011.0,15012.0,15013.0,15014.0,15015.0,15016.0,15017.0,15018.0,15019.0,15020.0,15021.0,15022.0,15023.0,15024.0,15025.0,15026.0,15027.0,15028.0,15029.0,15030.0,15031.0,15032.0,15033.0,15034.0,15035.0,15036.0,15037.0,15038.0,15039.0,15040.0,15041.0,15042.0,15043.0,15044.0,15045.0,15046.0,15047.0,15048.0,15049.0,15050.0,15051.0,15052.0,15053.0,15054.0,15055.0,15056.0,15057.0,15058.0,15059.0,15060.0,15061.0,15062.0,15063.0,15064.0,15065.0,15066.0,15067.0,15068.0,15069.0,15070.0,15071.0,15072.0,15073.0,15074.0,15075.0,15076.0,15077.0,15078.0,15079.0,15080.0,15081.0,15082.0,15083.0,15084.0,15085.0,15086.0,15087.0,15088.0,15089.0,15090.0,15091.0,15092.0,15093.0,15094.0,15095.0,15096.0,15097.0,15098.0,15099.0,15100.0,15101.0,15102.0,15103.0,15104.0,15105.0,15106.0,15107.0,15108.0,15109.0,15110.0,15111.0,15112.0,15113.0,15114.0,15115.0,15116.0,15117.0,15118.0,15119.0,15120.0,15121.0,15122.0,15123.0,15124.0,15125.0,15126.0,15127.0,15128.0,15129.0,15130.0,15131.0,15132.0,15133.0,15134.0,15135.0,15136.0,15137.0,15138.0,15139.0,15140.0,15141.0,15142.0,15143.0,15144.0,15145.0,15146.0,15147.0,15148.0,15149.0,15150.0,15151.0,15152.0,15153.0,15154.0,15155.0,15156.0,15157.0,15158.0,15159.0,15160.0,15161.0,15162.0,15163.0,15164.0,15165.0,15166.0,15167.0,15168.0,15169.0,15170.0,15171.0,15172.0,15173.0,15174.0,15175.0,15176.0,15177.0,15178.0,15179.0,15180.0,15181.0,15182.0,15183.0,15184.0,15185.0,15186.0,15187.0,15188.0,15189.0,15190.0,15191.0,15192.0,15193.0,15194.0,15195.0,15196.0,15197.0,15198.0,15199.0,15200.0,15201.0,15202.0,15203.0,15204.0,15205.0,15206.0,15207.0,15208.0,15209.0,15210.0,15211.0,15212.0,15213.0,15214.0,15215.0,15216.0,15217.0,15218.0,15219.0,15220.0,15221.0,15222.0,15223.0,15224.0,15225.0,15226.0,15227.0,15228.0,15229.0,15230.0,15231.0,15232.0,15233.0,15234.0,15235.0,15236.0,15237.0,15238.0,15239.0,15240.0,15241.0,15242.0,15243.0,15244.0,15245.0,15246.0,15247.0,15248.0,15249.0,15250.0,15251.0,15252.0,15253.0,15254.0,15255.0,15256.0,15257.0,15258.0,15259.0,15260.0,15261.0,15262.0,15263.0,15264.0,15265.0,15266.0,15267.0,15268.0,15269.0,15270.0,15271.0,15272.0,15273.0,15274.0,15275.0,15276.0,15277.0,15278.0,15279.0,15280.0,15281.0,15282.0,15283.0,15284.0,15285.0,15286.0,15287.0,15288.0,15289.0,15290.0,15291.0,15292.0,15293.0,15294.0,15295.0,15296.0,15297.0,15298.0,15299.0,15300.0,15301.0,15302.0,15303.0,15304.0,15305.0,15306.0,15307.0,15308.0,15309.0,15310.0,15311.0,15312.0,15313.0,15314.0,15315.0,15316.0,15317.0,15318.0,15319.0,15320.0,15321.0,15322.0,15323.0,15324.0,15325.0,15326.0,15327.0,15328.0,15329.0,15330.0,15331.0,15332.0,15333.0,15334.0,15335.0,15336.0,15337.0,15338.0,15339.0,15340.0,15341.0,15342.0,15343.0,15344.0,15345.0,15346.0,15347.0,15348.0,15349.0,15350.0,15351.0,15352.0,15353.0,15354.0,15355.0,15356.0,15357.0,15358.0,15359.0,15360.0,15361.0,15362.0,15363.0,15364.0,15365.0,15366.0,15367.0,15368.0,15369.0,15370.0,15371.0,15372.0,15373.0,15374.0,15375.0,15376.0,15377.0,15378.0,15379.0,15380.0,15381.0,15382.0,15383.0,15384.0,15385.0,15386.0,15387.0,15388.0,15389.0,15390.0,15391.0,15392.0,15393.0,15394.0,15395.0,15396.0,15397.0,15398.0,15399.0,15400.0,15401.0,15402.0,15403.0,15404.0,15405.0,15406.0,15407.0,15408.0,15409.0,15410.0,15411.0,15412.0,15413.0,15414.0,15415.0,15416.0,15417.0,15418.0,15419.0,15420.0,15421.0,15422.0,15423.0,15424.0,15425.0,15426.0,15427.0,15428.0,15429.0,15430.0,15431.0,15432.0,15433.0,15434.0,15435.0,15436.0,15437.0,15438.0,15439.0,15440.0,15441.0,15442.0,15443.0,15444.0,15445.0,15446.0,15447.0,15448.0,15449.0,15450.0,15451.0,15452.0,15453.0,15454.0,15455.0,15456.0,15457.0,15458.0,15459.0,15460.0,15461.0,15462.0,15463.0,15464.0,15465.0,15466.0,15467.0,15468.0,15469.0,15470.0,15471.0,15472.0,15473.0,15474.0,15475.0,15476.0,15477.0,15478.0,15479.0,15480.0,15481.0,15482.0,15483.0,15484.0,15485.0,15486.0,15487.0,15488.0,15489.0,15490.0,15491.0,15492.0,15493.0,15494.0,15495.0,15496.0,15497.0,15498.0,15499.0,15500.0,15501.0,15502.0,15503.0,15504.0,15505.0,15506.0,15507.0,15508.0,15509.0,15510.0,15511.0,15512.0,15513.0,15514.0,15515.0,15516.0,15517.0,15518.0,15519.0,15520.0,15521.0,15522.0,15523.0,15524.0,15525.0,15526.0,15527.0,15528.0,15529.0,15530.0,15531.0,15532.0,15533.0,15534.0,15535.0,15536.0,15537.0,15538.0,15539.0,15540.0,15541.0,15542.0,15543.0,15544.0,15545.0,15546.0,15547.0,15548.0,15549.0,15550.0,15551.0,15552.0,15553.0,15554.0,15555.0,15556.0,15557.0,15558.0,15559.0,15560.0,15561.0,15562.0,15563.0,15564.0,15565.0,15566.0,15567.0,15568.0,15569.0,15570.0,15571.0,15572.0,15573.0,15574.0,15575.0,15576.0,15577.0,15578.0,15579.0,15580.0,15581.0,15582.0,15583.0,15584.0,15585.0,15586.0,15587.0,15588.0,15589.0,15590.0,15591.0,15592.0,15593.0,15594.0,15595.0,15596.0,15597.0,15598.0,15599.0,15600.0,15601.0,15602.0,15603.0,15604.0,15605.0,15606.0,15607.0,15608.0,15609.0,15610.0,15611.0,15612.0,15613.0,15614.0,15615.0,15616.0,15617.0,15618.0,15619.0,15620.0,15621.0,15622.0,15623.0,15624.0,15625.0,15626.0,15627.0,15628.0,15629.0,15630.0,15631.0,15632.0,15633.0,15634.0,15635.0,15636.0,15637.0,15638.0,15639.0,15640.0,15641.0,15642.0,15643.0,15644.0,15645.0,15646.0,15647.0,15648.0,15649.0,15650.0,15651.0,15652.0,15653.0,15654.0,15655.0,15656.0,15657.0,15658.0,15659.0,15660.0,15661.0,15662.0,15663.0,15664.0,15665.0,15666.0,15667.0,15668.0,15669.0,15670.0,15671.0,15672.0,15673.0,15674.0,15675.0,15676.0,15677.0,15678.0,15679.0,15680.0,15681.0,15682.0,15683.0,15684.0,15685.0,15686.0,15687.0,15688.0,15689.0,15690.0,15691.0,15692.0,15693.0,15694.0,15695.0,15696.0,15697.0,15698.0,15699.0,15700.0,15701.0,15702.0,15703.0,15704.0,15705.0,15706.0,15707.0,15708.0,15709.0,15710.0,15711.0,15712.0,15713.0,15714.0,15715.0,15716.0,15717.0,15718.0,15719.0,15720.0,15721.0,15722.0,15723.0,15724.0,15725.0,15726.0,15727.0,15728.0,15729.0,15730.0,15731.0,15732.0,15733.0,15734.0,15735.0,15736.0,15737.0,15738.0,15739.0,15740.0,15741.0,15742.0,15743.0,15744.0,15745.0,15746.0,15747.0,15748.0,15749.0,15750.0,15751.0,15752.0,15753.0,15754.0,15755.0,15756.0,15757.0,15758.0,15759.0,15760.0,15761.0,15762.0,15763.0,15764.0,15765.0,15766.0,15767.0,15768.0,15769.0,15770.0,15771.0,15772.0,15773.0,15774.0,15775.0,15776.0,15777.0,15778.0,15779.0,15780.0,15781.0,15782.0,15783.0,15784.0,15785.0,15786.0,15787.0,15788.0,15789.0,15790.0,15791.0,15792.0,15793.0,15794.0,15795.0,15796.0,15797.0,15798.0,15799.0,15800.0,15801.0,15802.0,15803.0,15804.0,15805.0,15806.0,15807.0,15808.0,15809.0,15810.0,15811.0,15812.0,15813.0,15814.0,15815.0,15816.0,15817.0,15818.0,15819.0,15820.0,15821.0,15822.0,15823.0,15824.0,15825.0,15826.0,15827.0,15828.0,15829.0,15830.0,15831.0,15832.0,15833.0,15834.0,15835.0,15836.0,15837.0,15838.0,15839.0,15840.0,15841.0,15842.0,15843.0,15844.0,15845.0,15846.0,15847.0,15848.0,15849.0,15850.0,15851.0,15852.0,15853.0,15854.0,15855.0,15856.0,15857.0,15858.0,15859.0,15860.0,15861.0,15862.0,15863.0,15864.0,15865.0,15866.0,15867.0,15868.0,15869.0,15870.0,15871.0,15872.0,15873.0,15874.0,15875.0,15876.0,15877.0,15878.0,15879.0,15880.0,15881.0,15882.0,15883.0,15884.0,15885.0,15886.0,15887.0,15888.0,15889.0,15890.0,15891.0,15892.0,15893.0,15894.0,15895.0,15896.0,15897.0,15898.0,15899.0,15900.0,15901.0,15902.0,15903.0,15904.0,15905.0,15906.0,15907.0,15908.0,15909.0,15910.0,15911.0,15912.0,15913.0,15914.0,15915.0,15916.0,15917.0,15918.0,15919.0,15920.0,15921.0,15922.0,15923.0,15924.0,15925.0,15926.0,15927.0,15928.0,15929.0,15930.0,15931.0,15932.0,15933.0,15934.0,15935.0,15936.0,15937.0,15938.0,15939.0,15940.0,15941.0,15942.0,15943.0,15944.0,15945.0,15946.0,15947.0,15948.0,15949.0,15950.0,15951.0,15952.0,15953.0,15954.0,15955.0,15956.0,15957.0,15958.0,15959.0,15960.0,15961.0,15962.0,15963.0,15964.0,15965.0,15966.0,15967.0,15968.0,15969.0,15970.0,15971.0,15972.0,15973.0,15974.0,15975.0,15976.0,15977.0,15978.0,15979.0,15980.0,15981.0,15982.0,15983.0,15984.0,15985.0,15986.0,15987.0,15988.0,15989.0,15990.0,15991.0,15992.0,15993.0,15994.0,15995.0,15996.0,15997.0,15998.0,15999.0,16000.0,16001.0,16002.0,16003.0,16004.0,16005.0,16006.0,16007.0,16008.0,16009.0,16010.0,16011.0,16012.0,16013.0,16014.0,16015.0,16016.0,16017.0,16018.0,16019.0,16020.0,16021.0,16022.0,16023.0,16024.0,16025.0,16026.0,16027.0,16028.0,16029.0,16030.0,16031.0,16032.0,16033.0,16034.0,16035.0,16036.0,16037.0,16038.0,16039.0,16040.0,16041.0,16042.0,16043.0,16044.0,16045.0,16046.0,16047.0,16048.0,16049.0,16050.0,16051.0,16052.0,16053.0,16054.0,16055.0,16056.0,16057.0,16058.0,16059.0,16060.0,16061.0,16062.0,16063.0,16064.0,16065.0,16066.0,16067.0,16068.0,16069.0,16070.0,16071.0,16072.0,16073.0,16074.0,16075.0,16076.0,16077.0,16078.0,16079.0,16080.0,16081.0,16082.0,16083.0,16084.0,16085.0,16086.0,16087.0,16088.0,16089.0,16090.0,16091.0,16092.0,16093.0,16094.0,16095.0,16096.0,16097.0,16098.0,16099.0,16100.0,16101.0,16102.0,16103.0,16104.0,16105.0,16106.0,16107.0,16108.0,16109.0,16110.0,16111.0,16112.0,16113.0,16114.0,16115.0,16116.0,16117.0,16118.0,16119.0,16120.0,16121.0,16122.0,16123.0,16124.0,16125.0,16126.0,16127.0,16128.0,16129.0,16130.0,16131.0,16132.0,16133.0,16134.0,16135.0,16136.0,16137.0,16138.0,16139.0,16140.0,16141.0,16142.0,16143.0,16144.0,16145.0,16146.0,16147.0,16148.0,16149.0,16150.0,16151.0,16152.0,16153.0,16154.0,16155.0,16156.0,16157.0,16158.0,16159.0,16160.0,16161.0,16162.0,16163.0,16164.0,16165.0,16166.0,16167.0,16168.0,16169.0,16170.0,16171.0,16172.0,16173.0,16174.0,16175.0,16176.0,16177.0,16178.0,16179.0,16180.0,16181.0,16182.0,16183.0,16184.0,16185.0,16186.0,16187.0,16188.0,16189.0,16190.0,16191.0,16192.0,16193.0,16194.0,16195.0,16196.0,16197.0,16198.0,16199.0,16200.0,16201.0,16202.0,16203.0,16204.0,16205.0,16206.0,16207.0,16208.0,16209.0,16210.0,16211.0,16212.0,16213.0,16214.0,16215.0,16216.0,16217.0,16218.0,16219.0,16220.0,16221.0,16222.0,16223.0,16224.0,16225.0,16226.0,16227.0,16228.0,16229.0,16230.0,16231.0,16232.0,16233.0,16234.0,16235.0,16236.0,16237.0,16238.0,16239.0,16240.0,16241.0,16242.0,16243.0,16244.0,16245.0,16246.0,16247.0,16248.0,16249.0,16250.0,16251.0,16252.0,16253.0,16254.0,16255.0,16256.0,16257.0,16258.0,16259.0,16260.0,16261.0,16262.0,16263.0,16264.0,16265.0,16266.0,16267.0,16268.0,16269.0,16270.0,16271.0,16272.0,16273.0,16274.0,16275.0,16276.0,16277.0,16278.0,16279.0,16280.0,16281.0,16282.0,16283.0,16284.0,16285.0,16286.0,16287.0,16288.0,16289.0,16290.0,16291.0,16292.0,16293.0,16294.0,16295.0,16296.0,16297.0,16298.0,16299.0,16300.0,16301.0,16302.0,16303.0,16304.0,16305.0,16306.0,16307.0,16308.0,16309.0,16310.0,16311.0,16312.0,16313.0,16314.0,16315.0,16316.0,16317.0,16318.0,16319.0,16320.0,16321.0,16322.0,16323.0,16324.0,16325.0,16326.0,16327.0,16328.0,16329.0,16330.0,16331.0,16332.0,16333.0,16334.0,16335.0,16336.0,16337.0,16338.0,16339.0,16340.0,16341.0,16342.0,16343.0,16344.0,16345.0,16346.0,16347.0,16348.0,16349.0,16350.0,16351.0,16352.0,16353.0,16354.0,16355.0,16356.0,16357.0,16358.0,16359.0,16360.0,16361.0,16362.0,16363.0,16364.0,16365.0,16366.0,16367.0,16368.0,16369.0,16370.0,16371.0,16372.0,16373.0,16374.0,16375.0,16376.0,16377.0,16378.0,16379.0,16380.0,16381.0,16382.0,16383.0,16384.0,16385.0,16386.0,16387.0,16388.0,16389.0,16390.0,16391.0,16392.0,16393.0,16394.0,16395.0,16396.0,16397.0,16398.0,16399.0,16400.0,16401.0,16402.0,16403.0,16404.0,16405.0,16406.0,16407.0,16408.0,16409.0,16410.0,16411.0,16412.0,16413.0,16414.0,16415.0,16416.0,16417.0,16418.0,16419.0,16420.0,16421.0,16422.0,16423.0,16424.0,16425.0,16426.0,16427.0,16428.0,16429.0,16430.0,16431.0,16432.0,16433.0,16434.0,16435.0,16436.0,16437.0,16438.0,16439.0,16440.0,16441.0,16442.0,16443.0,16444.0,16445.0,16446.0,16447.0,16448.0,16449.0,16450.0,16451.0,16452.0,16453.0,16454.0,16455.0,16456.0,16457.0,16458.0,16459.0,16460.0,16461.0,16462.0,16463.0,16464.0,16465.0,16466.0,16467.0,16468.0,16469.0,16470.0,16471.0,16472.0,16473.0,16474.0,16475.0,16476.0,16477.0,16478.0,16479.0,16480.0,16481.0,16482.0,16483.0,16484.0,16485.0,16486.0,16487.0,16488.0,16489.0,16490.0,16491.0,16492.0,16493.0,16494.0,16495.0,16496.0,16497.0,16498.0,16499.0,16500.0,16501.0,16502.0,16503.0,16504.0,16505.0,16506.0,16507.0,16508.0,16509.0,16510.0,16511.0,16512.0,16513.0,16514.0,16515.0,16516.0,16517.0,16518.0,16519.0,16520.0,16521.0,16522.0,16523.0,16524.0,16525.0,16526.0,16527.0,16528.0,16529.0,16530.0,16531.0,16532.0,16533.0,16534.0,16535.0,16536.0,16537.0,16538.0,16539.0,16540.0,16541.0,16542.0,16543.0,16544.0,16545.0,16546.0,16547.0,16548.0,16549.0,16550.0,16551.0,16552.0,16553.0,16554.0,16555.0,16556.0,16557.0,16558.0,16559.0,16560.0,16561.0,16562.0,16563.0,16564.0,16565.0,16566.0,16567.0,16568.0,16569.0,16570.0,16571.0,16572.0,16573.0,16574.0,16575.0,16576.0,16577.0,16578.0,16579.0,16580.0,16581.0,16582.0,16583.0,16584.0,16585.0,16586.0,16587.0,16588.0,16589.0,16590.0,16591.0,16592.0,16593.0,16594.0,16595.0,16596.0,16597.0,16598.0,16599.0,16600.0,16601.0,16602.0,16603.0,16604.0,16605.0,16606.0,16607.0,16608.0,16609.0,16610.0,16611.0,16612.0,16613.0,16614.0,16615.0,16616.0,16617.0,16618.0,16619.0,16620.0,16621.0,16622.0,16623.0,16624.0,16625.0,16626.0,16627.0,16628.0,16629.0,16630.0,16631.0,16632.0,16633.0,16634.0,16635.0,16636.0,16637.0,16638.0,16639.0,16640.0,16641.0,16642.0,16643.0,16644.0,16645.0,16646.0,16647.0,16648.0,16649.0,16650.0,16651.0,16652.0,16653.0,16654.0,16655.0,16656.0,16657.0,16658.0,16659.0,16660.0,16661.0,16662.0,16663.0,16664.0,16665.0,16666.0,16667.0,16668.0,16669.0,16670.0,16671.0,16672.0,16673.0,16674.0,16675.0,16676.0,16677.0,16678.0,16679.0,16680.0,16681.0,16682.0,16683.0,16684.0,16685.0,16686.0,16687.0,16688.0,16689.0,16690.0,16691.0,16692.0,16693.0,16694.0,16695.0,16696.0,16697.0,16698.0,16699.0,16700.0,16701.0,16702.0,16703.0,16704.0,16705.0,16706.0,16707.0,16708.0,16709.0,16710.0,16711.0,16712.0,16713.0,16714.0,16715.0,16716.0,16717.0,16718.0,16719.0,16720.0,16721.0,16722.0,16723.0,16724.0,16725.0,16726.0,16727.0,16728.0,16729.0,16730.0,16731.0,16732.0,16733.0,16734.0,16735.0,16736.0,16737.0,16738.0,16739.0,16740.0,16741.0,16742.0,16743.0,16744.0,16745.0,16746.0,16747.0,16748.0,16749.0,16750.0,16751.0,16752.0,16753.0,16754.0,16755.0,16756.0,16757.0,16758.0,16759.0,16760.0,16761.0,16762.0,16763.0,16764.0,16765.0,16766.0,16767.0,16768.0,16769.0,16770.0,16771.0,16772.0,16773.0,16774.0,16775.0,16776.0,16777.0,16778.0,16779.0,16780.0,16781.0,16782.0,16783.0,16784.0,16785.0,16786.0,16787.0,16788.0,16789.0,16790.0,16791.0,16792.0,16793.0,16794.0,16795.0,16796.0,16797.0,16798.0,16799.0,16800.0,16801.0,16802.0,16803.0,16804.0,16805.0,16806.0,16807.0,16808.0,16809.0,16810.0,16811.0,16812.0,16813.0,16814.0,16815.0,16816.0,16817.0,16818.0,16819.0,16820.0,16821.0,16822.0,16823.0,16824.0,16825.0,16826.0,16827.0,16828.0,16829.0,16830.0,16831.0,16832.0,16833.0,16834.0,16835.0,16836.0,16837.0,16838.0,16839.0,16840.0,16841.0,16842.0,16843.0,16844.0,16845.0,16846.0,16847.0,16848.0,16849.0,16850.0,16851.0,16852.0,16853.0,16854.0,16855.0,16856.0,16857.0,16858.0,16859.0,16860.0,16861.0,16862.0,16863.0,16864.0,16865.0,16866.0,16867.0,16868.0,16869.0,16870.0,16871.0,16872.0,16873.0,16874.0,16875.0,16876.0,16877.0,16878.0,16879.0,16880.0,16881.0,16882.0,16883.0,16884.0,16885.0,16886.0,16887.0,16888.0,16889.0,16890.0,16891.0,16892.0,16893.0,16894.0,16895.0,16896.0,16897.0,16898.0,16899.0,16900.0,16901.0,16902.0,16903.0,16904.0,16905.0,16906.0,16907.0,16908.0,16909.0,16910.0,16911.0,16912.0,16913.0,16914.0,16915.0,16916.0,16917.0,16918.0,16919.0,16920.0,16921.0,16922.0,16923.0,16924.0,16925.0,16926.0,16927.0,16928.0,16929.0,16930.0,16931.0,16932.0,16933.0,16934.0,16935.0,16936.0,16937.0,16938.0,16939.0,16940.0,16941.0,16942.0,16943.0,16944.0,16945.0,16946.0,16947.0,16948.0,16949.0,16950.0,16951.0,16952.0,16953.0,16954.0,16955.0,16956.0,16957.0,16958.0,16959.0,16960.0,16961.0,16962.0,16963.0,16964.0,16965.0,16966.0,16967.0,16968.0,16969.0,16970.0,16971.0,16972.0,16973.0,16974.0,16975.0,16976.0,16977.0,16978.0,16979.0,16980.0,16981.0,16982.0,16983.0,16984.0,16985.0,16986.0,16987.0,16988.0,16989.0,16990.0,16991.0,16992.0,16993.0,16994.0,16995.0,17001.0
0.0,0.0,0.0,0.0,0.0,0.0,0.0,0.0,1.0,0.0,0.0,0.0,0.0,0.0,0.0,0.0,0.0,0.0,1.0,0.0,0.0,0.0,0.0,0.0,0.0,0.0,0.0,0.0,1.0,0.0,0.0,0.0,0.0,0.0,0.0,0.0,0.0,0.0,1.0,0.0,0.0,0.0,0.0,0.0,0.0,1.0,0.0,0.0,1.0,0.0,0.0,0.0,0.0,0.0,0.0,0.0,0.0,0.0,1.0,0.0,0.0,0.0,0.0,0.0,0.0,0.0,1.0,0.0,1.0,0.0,0.0,0.0,0.0,0.0,0.0,0.0,0.0,0.0,1.0,0.0,0.0,0.0,0.0,0.0,0.0,1.0,0.0,0.0,0.0,0.0,0.0,0.0,0.0,0.0,0.0,1.0,0.0,0.0,0.0,0.0,0.0,0.0,0.0,0.0,0.0,1.0,0.0,0.0,0.0,0.0,0.0,0.0,0.0,0.0,0.0,1.0,0.0,0.0,0.0,0.0,0.0,0.0,0.0,0.0,0.0,1.0,0.0,0.0,0.0,0.0,0.0,0.0,0.0,0.0,0.0,1.0,0.0,0.0,0.0,0.0,0.0,0.0,0.0,0.0,0.0,1.0,0.0,0.0,0.0,0.0,0.0,0.0,0.0,0.0,0.0,1.0,0.0,0.0,0.0,0.0,0.0,0.0,0.0,0.0,0.0,1.0,0.0,0.0,0.0,0.0,0.0,0.0,0.0,0.0,0.0,1.0,0.0,0.0,0.0,0.0,0.0,0.0,0.0,0.0,0.0,1.0,0.0,0.0,0.0,0.0,0.0,0.0,0.0,0.0,0.0,1.0,0.0,0.0,0.0,0.0,0.0,0.0,0.0,0.0,0.0,1.0,0.0,0.0,0.0,0.0,0.0,0.0,0.0,0.0,0.0,1.0,0.0,0.0,0.0,0.0,0.0,0.0,0.0,0.0,0.0,1.0,0.0,0.0,0.0,0.0,0.0,0.0,0.0,0.0,0.0,1.0,0.0,0.0,0.0,0.0,0.0,0.0,0.0,0.0,0.0,1.0,0.0,0.0,0.0,0.0,0.0,0.0,0.0,0.0,0.0,1.0,0.0,0.0,0.0,0.0,0.0,0.0,0.0,0.0,0.0,1.0,0.0,0.0,0.0,0.0,0.0,0.0,0.0,0.0,0.0,1.0,0.0,0.0,0.0,0.0,0.0,0.0,0.0,0.0,0.0,1.0,0.0,0.0,0.0,0.0,0.0,0.0,0.0,0.0,0.0,1.0,0.0,0.0,0.0,0.0,0.0,0.0,0.0,0.0,0.0,1.0,0.0,0.0,0.0,0.0,0.0,0.0,0.0,0.0,0.0,1.0,0.0,0.0,0.0,0.0,0.0,0.0,0.0,0.0,0.0,1.0,0.0,0.0,0.0,0.0,0.0,0.0,0.0,0.0,0.0,1.0,0.0,0.0,0.0,0.0,0.0,0.0,0.0,1.0,0.0,1.0,0.0,0.0,0.0,0.0,0.0,0.0,1.0,1.0,0.0,1.0,0.0,0.0,0.0,0.0,0.0,0.0,0.0,0.0,0.0,1.0,0.0,0.0,0.0,0.0,0.0,0.0,0.0,0.0,1.0,0.0,0.0,0.0,0.0,0.0,0.0,0.0,1.0,0.0,0.0,0.0,0.0,0.0,0.0,0.0,0.0,0.0,1.0,0.0,0.0,0.0,0.0,0.0,0.0,0.0,0.0,0.0,1.0,0.0,0.0,0.0,0.0,0.0,0.0,0.0,0.0,0.0,1.0,0.0,0.0,0.0,0.0,0.0,0.0,0.0,0.0,0.0,1.0,0.0,0.0,0.0,0.0,0.0,0.0,0.0,0.0,0.0,1.0,0.0,0.0,0.0,0.0,0.0,0.0,0.0,0.0,0.0,1.0,0.0,0.0,0.0,0.0,0.0,0.0,0.0,0.0,0.0,1.0,0.0,0.0,0.0,0.0,0.0,0.0,0.0,0.0,0.0,1.0,0.0,0.0,0.0,0.0,0.0,0.0,0.0,0.0,0.0,1.0,0.0,0.0,0.0,0.0,0.0,0.0,0.0,0.0,0.0,1.0,0.0,0.0,0.0,0.0,0.0,0.0,0.0,0.0,0.0,1.0,0.0,0.0,0.0,0.0,0.0,0.0,0.0,0.0,0.0,1.0,0.0,0.0,0.0,0.0,1.0,1.0,0.0,0.0,0.0,1.0,0.0,0.0,0.0,0.0,0.0,0.0,0.0,0.0,0.0,1.0,0.0,0.0,0.0,0.0,0.0,0.0,0.0,0.0,0.0,1.0,0.0,0.0,0.0,0.0,0.0,0.0,0.0,0.0,0.0,1.0,0.0,0.0,0.0,0.0,0.0,0.0,0.0,0.0,0.0,1.0,0.0,0.0,0.0,0.0,0.0,0.0,0.0,0.0,0.0,1.0,0.0,0.0,0.0,0.0,0.0,0.0,0.0,0.0,0.0,1.0,0.0,0.0,1.0,0.0,0.0,0.0,0.0,0.0,0.0,1.0,0.0,0.0,0.0,0.0,0.0,0.0,0.0,0.0,0.0,1.0,0.0,0.0,0.0,0.0,0.0,0.0,0.0,0.0,0.0,1.0,0.0,0.0,0.0,0.0,0.0,0.0,0.0,0.0,0.0,1.0,0.0,0.0,0.0,0.0,0.0,0.0,0.0,0.0,0.0,1.0,0.0,0.0,0.0,0.0,0.0,0.0,0.0,0.0,0.0,1.0,0.0,0.0,0.0,0.0,0.0,0.0,0.0,0.0,0.0,1.0,0.0,0.0,0.0,0.0,0.0,0.0,0.0,0.0,0.0,1.0,0.0,0.0,0.0,0.0,0.0,0.0,0.0,0.0,0.0,1.0,0.0,0.0,0.0,0.0,0.0,0.0,0.0,0.0,0.0,1.0,0.0,0.0,0.0,0.0,0.0,0.0,0.0,0.0,0.0,1.0,0.0,0.0,0.0,0.0,0.0,0.0,0.0,0.0,0.0,1.0,0.0,0.0,0.0,0.0,0.0,0.0,0.0,1.0,0.0,0.0,0.0,0.0,0.0,0.0,0.0,0.0,1.0,0.0,0.0,0.0,0.0,0.0,0.0,0.0,0.0,0.0,1.0,0.0,0.0,0.0,0.0,0.0,0.0,0.0,0.0,0.0,1.0,0.0,0.0,0.0,0.0,0.0,0.0,0.0,0.0,0.0,1.0,0.0,0.0,0.0,0.0,0.0,0.0,0.0,0.0,0.0,1.0,0.0,0.0,0.0,0.0,0.0,0.0,0.0,0.0,0.0,1.0,0.0,0.0,1.0,0.0,0.0,0.0,0.0,0.0,0.0,1.0,0.0,0.0,0.0,0.0,0.0,0.0,0.0,0.0,0.0,1.0,0.0,0.0,0.0,0.0,0.0,0.0,0.0,0.0,0.0,1.0,0.0,0.0,0.0,0.0,0.0,0.0,0.0,0.0,0.0,1.0,0.0,0.0,0.0,0.0,0.0,0.0,0.0,0.0,0.0,1.0,0.0,0.0,0.0,0.0,0.0,0.0,0.0,0.0,0.0,1.0,0.0,0.0,0.0,0.0,0.0,0.0,0.0,0.0,0.0,1.0,0.0,0.0,0.0,0.0,0.0,0.0,0.0,0.0,0.0,1.0,0.0,0.0,0.0,0.0,0.0,0.0,0.0,0.0,0.0,1.0,0.0,0.0,0.0,0.0,0.0,0.0,0.0,0.0,0.0,1.0,0.0,0.0,0.0,0.0,0.0,0.0,0.0,0.0,0.0,1.0,0.0,0.0,0.0,0.0,0.0,0.0,0.0,0.0,0.0,1.0,0.0,0.0,0.0,0.0,0.0,0.0,0.0,0.0,0.0,1.0,0.0,0.0,0.0,0.0,0.0,0.0,0.0,0.0,0.0,1.0,0.0,0.0,0.0,0.0,0.0,0.0,0.0,0.0,0.0,1.0,0.0,0.0,0.0,0.0,0.0,0.0,0.0,0.0,0.0,1.0,0.0,0.0,0.0,0.0,0.0,0.0,0.0,0.0,0.0,1.0,0.0,0.0,0.0,0.0,0.0,0.0,0.0,0.0,0.0,1.0,0.0,0.0,0.0,0.0,0.0,0.0,0.0,0.0,0.0,1.0,0.0,0.0,0.0,0.0,0.0,0.0,0.0,0.0,0.0,1.0,0.0,0.0,0.0,0.0,0.0,0.0,1.0,0.0,0.0,1.0,0.0,0.0,0.0,0.0,0.0,0.0,0.0,0.0,0.0,1.0,0.0,0.0,0.0,0.0,0.0,0.0,1.0,0.0,0.0,1.0,0.0,0.0,0.0,0.0,0.0,0.0,0.0,0.0,0.0,1.0,0.0,0.0,0.0,0.0,0.0,0.0,0.0,1.0,0.0,0.0,0.0,0.0,0.0,0.0,0.0,0.0,1.0,0.0,0.0,0.0,0.0,0.0,0.0,0.0,0.0,0.0,1.0,0.0,0.0,0.0,0.0,0.0,0.0,0.0,0.0,0.0,1.0,0.0,0.0,0.0,0.0,0.0,0.0,0.0,0.0,0.0,1.0,0.0,0.0,0.0,0.0,0.0,0.0,0.0,0.0,0.0,1.0,0.0,0.0,0.0,0.0,0.0,0.0,0.0,0.0,0.0,1.0,0.0,0.0,0.0,0.0,0.0,0.0,0.0,0.0,0.0,1.0,0.0,0.0,0.0,0.0,0.0,0.0,0.0,0.0,0.0,1.0,0.0,0.0,0.0,0.0,0.0,0.0,0.0,0.0,0.0,1.0,0.0,0.0,0.0,0.0,0.0,0.0,0.0,0.0,0.0,1.0,0.0,0.0,0.0,0.0,0.0,0.0,0.0,0.0,0.0,1.0,0.0,0.0,0.0,0.0,0.0,0.0,0.0,0.0,0.0,1.0,0.0,0.0,0.0,0.0,0.0,0.0,0.0,0.0,0.0,1.0,0.0,0.0,0.0,0.0,0.0,0.0,0.0,0.0,0.0,1.0,0.0,0.0,0.0,0.0,0.0,0.0,0.0,0.0,0.0,1.0,0.0,0.0,0.0,0.0,0.0,0.0,0.0,0.0,0.0,1.0,0.0,0.0,0.0,0.0,0.0,0.0,0.0,0.0,0.0,1.0,0.0,0.0,0.0,0.0,0.0,0.0,0.0,0.0,0.0,1.0,0.0,0.0,0.0,0.0,0.0,0.0,0.0,0.0,0.0,1.0,0.0,0.0,0.0,0.0,0.0,0.0,0.0,0.0,0.0,1.0,0.0,0.0,0.0,0.0,0.0,0.0,0.0,0.0,0.0,1.0,0.0,0.0,0.0,0.0,0.0,0.0,0.0,0.0,0.0,1.0,0.0,0.0,0.0,0.0,0.0,0.0,0.0,0.0,0.0,1.0,0.0,0.0,0.0,0.0,0.0,0.0,0.0,0.0,0.0,1.0,0.0,0.0,0.0,0.0,0.0,0.0,0.0,0.0,0.0,1.0,0.0,0.0,0.0,0.0,0.0,0.0,0.0,0.0,0.0,1.0,0.0,0.0,0.0,0.0,0.0,0.0,0.0,1.0,0.0,1.0,0.0,0.0,0.0,0.0,0.0,0.0,0.0,0.0,0.0,1.0,0.0,0.0,0.0,0.0,0.0,0.0,0.0,1.0,0.0,1.0,0.0,0.0,0.0,0.0,0.0,0.0,0.0,1.0,0.0,1.0,0.0,0.0,0.0,0.0,0.0,0.0,1.0,0.0,0.0,0.0,0.0,0.0,0.0,0.0,0.0,0.0,1.0,0.0,0.0,0.0,0.0,0.0,0.0,0.0,0.0,0.0,1.0,0.0,0.0,0.0,0.0,0.0,0.0,0.0,0.0,0.0,1.0,0.0,0.0,0.0,0.0,0.0,0.0,0.0,0.0,0.0,1.0,0.0,0.0,0.0,0.0,0.0,0.0,0.0,0.0,0.0,1.0,0.0,0.0,0.0,0.0,0.0,0.0,0.0,0.0,0.0,1.0,0.0,0.0,0.0,0.0,0.0,0.0,0.0,0.0,0.0,1.0,0.0,0.0,0.0,0.0,0.0,0.0,0.0,0.0,0.0,1.0,0.0,0.0,0.0,0.0,0.0,0.0,0.0,0.0,0.0,1.0,0.0,0.0,0.0,0.0,0.0,0.0,0.0,0.0,0.0,1.0,0.0,0.0,0.0,0.0,0.0,0.0,0.0,0.0,0.0,1.0,0.0,0.0,0.0,0.0,0.0,0.0,0.0,0.0,0.0,1.0,0.0,0.0,0.0,0.0,0.0,0.0,0.0,0.0,0.0,1.0,0.0,0.0,0.0,0.0,0.0,0.0,0.0,0.0,0.0,1.0,0.0,0.0,0.0,0.0,0.0,0.0,0.0,0.0,0.0,1.0,0.0,0.0,0.0,0.0,0.0,0.0,0.0,0.0,0.0,1.0,0.0,0.0,0.0,0.0,0.0,0.0,0.0,0.0,0.0,1.0,0.0,0.0,0.0,0.0,0.0,0.0,0.0,0.0,0.0,1.0,0.0,0.0,0.0,0.0,0.0,0.0,0.0,0.0,0.0,1.0,0.0,0.0,0.0,0.0,0.0,0.0,0.0,0.0,0.0,1.0,0.0,0.0,0.0,0.0,0.0,0.0,1.0,0.0,0.0,1.0,0.0,0.0,0.0,0.0,0.0,0.0,0.0,0.0,0.0,1.0,0.0,0.0,0.0,0.0,0.0,0.0,1.0,0.0,0.0,0.0,0.0,0.0,0.0,0.0,0.0,0.0,1.0,0.0,0.0,0.0,0.0,0.0,0.0,0.0,0.0,0.0,1.0,0.0,0.0,0.0,0.0,0.0,0.0,0.0,0.0,0.0,1.0,0.0,0.0,0.0,0.0,0.0,0.0,0.0,0.0,0.0,1.0,0.0,0.0,0.0,0.0,0.0,0.0,0.0,0.0,0.0,1.0,0.0,0.0,0.0,0.0,0.0,0.0,0.0,0.0,0.0,1.0,0.0,0.0,0.0,0.0,0.0,0.0,0.0,0.0,0.0,1.0,0.0,0.0,0.0,0.0,0.0,0.0,0.0,0.0,0.0,1.0,0.0,0.0,0.0,0.0,0.0,0.0,0.0,0.0,0.0,1.0,0.0,0.0,0.0,0.0,0.0,0.0,0.0,0.0,0.0,1.0,0.0,0.0,0.0,0.0,0.0,0.0,0.0,0.0,0.0,1.0,0.0,0.0,0.0,0.0,0.0,0.0,0.0,0.0,0.0,1.0,0.0,0.0,0.0,0.0,0.0,0.0,0.0,0.0,0.0,1.0,0.0,0.0,0.0,0.0,0.0,0.0,0.0,0.0,0.0,1.0,0.0,0.0,0.0,0.0,0.0,0.0,0.0,0.0,0.0,1.0,0.0,0.0,0.0,0.0,0.0,0.0,0.0,0.0,0.0,1.0,0.0,0.0,0.0,0.0,0.0,0.0,0.0,0.0,0.0,1.0,0.0,0.0,0.0,0.0,0.0,0.0,0.0,0.0,0.0,1.0,0.0,0.0,0.0,0.0,0.0,0.0,0.0,0.0,0.0,1.0,0.0,0.0,0.0,0.0,0.0,0.0,0.0,0.0,0.0,1.0,0.0,0.0,0.0,0.0,0.0,0.0,0.0,0.0,0.0,1.0,0.0,0.0,0.0,0.0,0.0,0.0,0.0,0.0,0.0,1.0,0.0,0.0,0.0,0.0,0.0,0.0,0.0,0.0,0.0,1.0,0.0,0.0,0.0,0.0,0.0,0.0,0.0,0.0,0.0,1.0,0.0,0.0,0.0,0.0,0.0,0.0,0.0,0.0,0.0,1.0,0.0,0.0,0.0,0.0,0.0,0.0,0.0,0.0,0.0,1.0,0.0,0.0,0.0,0.0,0.0,0.0,0.0,1.0,1.0,1.0,1.0,1.0,1.0,1.0,1.0,1.0,1.0,1.0,1.0,1.0,1.0,1.0,1.0,1.0,1.0,1.0,1.0,1.0,1.0,1.0,1.0,1.0,1.0,1.0,1.0,1.0,1.0,1.0,1.0,1.0,1.0,1.0,1.0,1.0,1.0,1.0,1.0,1.0,1.0,1.0,1.0,1.0,1.0,1.0,1.0,1.0,1.0,1.0,1.0,1.0,1.0,1.0,1.0,1.0,1.0,1.0,1.0,1.0,1.0,1.0,1.0,1.0,1.0,1.0,1.0,1.0,1.0,1.0,1.0,1.0,1.0,1.0,1.0,1.0,1.0,1.0,1.0,1.0,1.0,1.0,1.0,1.0,1.0,1.0,1.0,1.0,1.0,1.0,1.0,1.0,1.0,1.0,1.0,1.0,1.0,1.0,1.0,1.0,1.0,1.0,1.0,1.0,1.0,1.0,1.0,1.0,1.0,1.0,1.0,1.0,1.0,1.0,1.0,1.0,1.0,1.0,1.0,1.0,1.0,1.0,1.0,1.0,1.0,1.0,1.0,1.0,1.0,1.0,1.0,1.0,1.0,1.0,1.0,1.0,1.0,1.0,1.0,1.0,1.0,1.0,1.0,1.0,1.0,1.0,1.0,1.0,1.0,1.0,1.0,1.0,1.0,1.0,1.0,1.0,1.0,1.0,1.0,1.0,1.0,1.0,1.0,1.0,1.0,1.0,1.0,1.0,1.0,1.0,1.0,1.0,1.0,1.0,1.0,1.0,1.0,1.0,1.0,1.0,1.0,1.0,1.0,1.0,1.0,1.0,1.0,1.0,1.0,1.0,1.0,1.0,1.0,1.0,1.0,1.0,1.0,1.0,1.0,1.0,1.0,1.0,1.0,1.0,1.0,1.0,1.0,1.0,1.0,1.0,1.0,1.0,1.0,1.0,1.0,1.0,1.0,1.0,1.0,1.0,1.0,1.0,1.0,1.0,1.0,1.0,1.0,1.0,1.0,1.0,1.0,1.0,1.0,1.0,1.0,1.0,1.0,1.0,1.0,1.0,1.0,1.0,1.0,1.0,1.0,1.0,1.0,1.0,1.0,1.0,1.0,1.0,1.0,1.0,1.0,1.0,1.0,1.0,1.0,1.0,1.0,1.0,1.0,1.0,1.0,1.0,1.0,1.0,1.0,1.0,1.0,1.0,1.0,1.0,1.0,1.0,1.0,0.0,0.0,0.0,1.0,0.0,0.0,0.0,0.0,0.0,0.0,0.0,0.0,0.0,1.0,0.0,0.0,0.0,0.0,0.0,0.0,0.0,0.0,0.0,1.0,0.0,0.0,0.0,0.0,0.0,0.0,0.0,0.0,0.0,1.0,0.0,0.0,0.0,0.0,0.0,0.0,0.0,0.0,0.0,1.0,0.0,0.0,0.0,0.0,0.0,0.0,0.0,0.0,0.0,1.0,0.0,0.0,0.0,0.0,0.0,0.0,0.0,0.0,0.0,1.0,0.0,0.0,0.0,0.0,0.0,0.0,0.0,0.0,0.0,1.0,0.0,0.0,0.0,0.0,0.0,0.0,0.0,0.0,0.0,1.0,0.0,0.0,0.0,0.0,0.0,0.0,0.0,0.0,0.0,1.0,0.0,0.0,0.0,0.0,0.0,0.0,0.0,0.0,0.0,1.0,0.0,0.0,0.0,0.0,0.0,0.0,0.0,0.0,0.0,1.0,0.0,0.0,0.0,0.0,0.0,0.0,0.0,0.0,0.0,1.0,0.0,0.0,0.0,0.0,0.0,0.0,0.0,0.0,0.0,1.0,0.0,0.0,0.0,0.0,0.0,0.0,0.0,0.0,0.0,1.0,0.0,0.0,0.0,0.0,0.0,0.0,0.0,0.0,0.0,1.0,0.0,0.0,0.0,0.0,0.0,0.0,0.0,0.0,0.0,1.0,0.0,0.0,0.0,0.0,0.0,0.0,0.0,0.0,0.0,1.0,0.0,0.0,0.0,0.0,0.0,0.0,0.0,0.0,1.0,0.0,0.0,0.0,0.0,0.0,0.0,0.0,1.0,0.0,0.0,0.0,0.0,0.0,0.0,0.0,0.0,0.0,1.0,0.0,0.0,0.0,0.0,0.0,0.0,0.0,0.0,0.0,1.0,0.0,0.0,0.0,0.0,0.0,0.0,0.0,0.0,0.0,1.0,0.0,0.0,0.0,0.0,0.0,0.0,0.0,0.0,0.0,1.0,0.0,0.0,0.0,0.0,0.0,0.0,0.0,0.0,0.0,1.0,0.0,0.0,0.0,0.0,0.0,0.0,0.0,0.0,0.0,1.0,0.0,0.0,0.0,0.0,0.0,0.0,0.0,0.0,0.0,1.0,0.0,0.0,0.0,0.0,0.0,0.0,0.0,0.0,0.0,1.0,0.0,0.0,0.0,0.0,0.0,0.0,0.0,0.0,0.0,1.0,0.0,0.0,0.0,0.0,0.0,0.0,0.0,0.0,0.0,1.0,0.0,0.0,0.0,0.0,0.0,0.0,0.0,0.0,0.0,1.0,0.0,0.0,0.0,0.0,0.0,0.0,0.0,0.0,0.0,1.0,0.0,0.0,0.0,0.0,0.0,0.0,0.0,0.0,0.0,1.0,0.0,0.0,0.0,0.0,0.0,0.0,0.0,0.0,0.0,1.0,0.0,0.0,0.0,0.0,0.0,0.0,0.0,0.0,0.0,1.0,0.0,0.0,0.0,0.0,0.0,0.0,0.0,0.0,0.0,1.0,0.0,0.0,0.0,0.0,0.0,0.0,0.0,0.0,0.0,1.0,0.0,0.0,0.0,0.0,0.0,0.0,0.0,0.0,0.0,1.0,0.0,0.0,0.0,0.0,0.0,0.0,0.0,0.0,0.0,1.0,0.0,0.0,0.0,0.0,0.0,0.0,0.0,0.0,0.0,1.0,0.0,0.0,0.0,0.0,0.0,0.0,0.0,0.0,0.0,1.0,0.0,0.0,0.0,0.0,0.0,0.0,0.0,1.0,0.0,1.0,0.0,0.0,0.0,0.0,0.0,0.0,0.0,0.0,0.0,1.0,0.0,0.0,0.0,0.0,0.0,0.0,0.0,0.0,0.0,1.0,0.0,0.0,0.0,0.0,0.0,0.0,0.0,0.0,0.0,1.0,0.0,0.0,0.0,0.0,0.0,0.0,0.0,0.0,0.0,1.0,0.0,0.0,0.0,0.0,0.0,0.0,0.0,0.0,0.0,1.0,0.0,0.0,0.0,0.0,0.0,0.0,0.0,0.0,0.0,1.0,0.0,0.0,0.0,0.0,0.0,0.0,0.0,1.0,0.0,1.0,0.0,0.0,0.0,0.0,0.0,0.0,0.0,0.0,0.0,1.0,0.0,0.0,0.0,0.0,0.0,0.0,1.0,0.0,0.0,1.0,0.0,0.0,0.0,0.0,0.0,0.0,0.0,1.0,0.0,0.0,0.0,0.0,0.0,0.0,0.0,0.0,1.0,0.0,0.0,0.0,0.0,0.0,0.0,0.0,0.0,0.0,1.0,0.0,0.0,0.0,0.0,0.0,0.0,0.0,0.0,0.0,1.0,0.0,0.0,0.0,0.0,0.0,0.0,0.0,0.0,0.0,1.0,0.0,0.0,0.0,0.0,0.0,0.0,0.0,0.0,0.0,1.0,0.0,0.0,0.0,0.0,0.0,0.0,0.0,0.0,0.0,1.0,0.0,0.0,0.0,0.0,0.0,0.0,0.0,0.0,0.0,1.0,0.0,0.0,0.0,0.0,0.0,0.0,0.0,0.0,0.0,1.0,0.0,0.0,0.0,0.0,0.0,0.0,0.0,0.0,0.0,1.0,0.0,0.0,0.0,0.0,0.0,0.0,0.0,0.0,0.0,1.0,0.0,0.0,0.0,0.0,0.0,0.0,0.0,0.0,0.0,1.0,0.0,0.0,0.0,0.0,0.0,0.0,0.0,0.0,0.0,1.0,0.0,0.0,0.0,0.0,0.0,0.0,0.0,0.0,0.0,1.0,0.0,0.0,0.0,0.0,0.0,0.0,0.0,0.0,0.0,1.0,0.0,0.0,0.0,0.0,0.0,0.0,0.0,0.0,0.0,1.0,0.0,0.0,0.0,0.0,0.0,0.0,0.0,0.0,0.0,1.0,0.0,0.0,0.0,0.0,0.0,0.0,0.0,0.0,0.0,1.0,0.0,0.0,0.0,0.0,0.0,0.0,0.0,0.0,0.0,1.0,0.0,0.0,0.0,0.0,0.0,0.0,0.0,0.0,0.0,1.0,0.0,0.0,0.0,0.0,0.0,0.0,0.0,0.0,0.0,1.0,0.0,0.0,0.0,0.0,0.0,0.0,0.0,0.0,0.0,1.0,0.0,0.0,0.0,0.0,0.0,0.0,0.0,0.0,0.0,1.0,0.0,0.0,0.0,0.0,0.0,0.0,0.0,0.0,0.0,1.0,0.0,0.0,0.0,0.0,0.0,0.0,0.0,0.0,0.0,1.0,0.0,0.0,0.0,0.0,0.0,0.0,0.0,0.0,0.0,1.0,0.0,0.0,0.0,0.0,0.0,0.0,0.0,0.0,0.0,1.0,0.0,0.0,0.0,0.0,0.0,0.0,0.0,0.0,0.0,1.0,0.0,0.0,0.0,0.0,0.0,0.0,0.0,0.0,0.0,1.0,0.0,0.0,0.0,0.0,0.0,0.0,0.0,0.0,0.0,1.0,0.0,0.0,0.0,0.0,0.0,0.0,0.0,0.0,0.0,1.0,0.0,0.0,0.0,0.0,0.0,0.0,0.0,0.0,0.0,1.0,0.0,0.0,0.0,0.0,0.0,0.0,0.0,0.0,0.0,1.0,0.0,0.0,0.0,0.0,0.0,0.0,0.0,0.0,0.0,1.0,0.0,0.0,0.0,0.0,0.0,0.0,1.0,0.0,0.0,1.0,0.0,0.0,0.0,0.0,0.0,0.0,0.0,0.0,0.0,1.0,0.0,0.0,0.0,0.0,0.0,0.0,1.0,0.0,0.0,0.0,0.0,0.0,1.0,0.0,0.0,0.0,1.0,0.0,0.0,0.0,0.0,0.0,0.0,0.0,0.0,0.0,1.0,0.0,0.0,0.0,0.0,0.0,0.0,0.0,0.0,0.0,1.0,0.0,0.0,0.0,0.0,0.0,0.0,0.0,0.0,0.0,1.0,0.0,0.0,0.0,0.0,0.0,0.0,0.0,0.0,0.0,1.0,0.0,0.0,0.0,0.0,0.0,0.0,0.0,0.0,0.0,1.0,0.0,0.0,0.0,0.0,0.0,0.0,0.0,0.0,0.0,1.0,0.0,0.0,0.0,0.0,0.0,0.0,0.0,0.0,0.0,1.0,0.0,0.0,0.0,0.0,0.0,0.0,0.0,0.0,0.0,1.0,0.0,0.0,0.0,0.0,0.0,0.0,0.0,0.0,0.0,1.0,0.0,0.0,0.0,0.0,0.0,0.0,0.0,0.0,0.0,1.0,0.0,0.0,0.0,0.0,0.0,0.0,0.0,0.0,0.0,1.0,0.0,0.0,0.0,0.0,0.0,0.0,0.0,0.0,0.0,1.0,0.0,0.0,0.0,0.0,0.0,0.0,0.0,0.0,0.0,1.0,0.0,0.0,0.0,0.0,0.0,0.0,0.0,0.0,0.0,1.0,0.0,0.0,0.0,0.0,0.0,0.0,0.0,0.0,0.0,1.0,0.0,0.0,0.0,0.0,0.0,0.0,0.0,0.0,0.0,1.0,0.0,0.0,0.0,0.0,0.0,0.0,0.0,0.0,0.0,1.0,0.0,0.0,0.0,0.0,0.0,0.0,0.0,0.0,0.0,1.0,0.0,0.0,0.0,0.0,0.0,0.0,0.0,0.0,0.0,1.0,0.0,0.0,0.0,0.0,1.0
60.0,60.0,60.0,60.0,60.0,60.0,60.0,60.0,-1.0,61.0,60.0,60.0,60.0,60.0,60.0,60.0,60.0,60.0,-1.0,60.0,60.0,60.0,60.0,60.0,60.0,61.0,61.0,61.0,-1.0,61.0,61.0,61.0,61.0,61.0,61.0,61.0,61.0,61.0,-1.0,62.0,62.0,62.0,62.0,62.0,63.0,-1.0,63.0,63.0,-1.0,63.0,63.0,64.0,64.0,64.0,64.0,65.0,65.0,65.0,-1.0,65.0,66.0,66.0,66.0,67.0,67.0,67.0,-1.0,67.0,-1.0,68.0,68.0,69.0,69.0,69.0,69.0,70.0,70.0,70.0,-1.0,70.0,71.0,71.0,72.0,72.0,72.0,-1.0,73.0,73.0,74.0,74.0,74.0,75.0,75.0,76.0,76.0,-1.0,76.0,77.0,77.0,78.0,78.0,79.0,79.0,79.0,80.0,-1.0,81.0,81.0,81.0,83.0,83.0,84.0,84.0,85.0,85.0,-1.0,86.0,86.0,86.0,87.0,87.0,87.0,87.0,87.0,87.0,-1.0,87.0,88.0,88.0,88.0,88.0,89.0,89.0,89.0,89.0,-1.0,89.0,90.0,90.0,90.0,91.0,91.0,92.0,92.0,92.0,-1.0,93.0,94.0,94.0,95.0,95.0,96.0,96.0,97.0,98.0,-1.0,98.0,99.0,99.0,99.0,99.0,99.0,99.0,99.0,99.0,-1.0,99.0,99.0,99.0,99.0,99.0,99.0,99.0,99.0,99.0,-1.0,99.0,99.0,99.0,99.0,99.0,99.0,99.0,99.0,99.0,-1.0,99.0,99.0,99.0,99.0,99.0,99.0,99.0,99.0,99.0,-1.0,99.0,99.0,99.0,99.0,99.0,99.0,99.0,100.0,99.0,-1.0,99.0,99.0,99.0,99.0,99.0,99.0,99.0,99.0,99.0,-1.0,99.0,99.0,99.0,99.0,99.0,99.0,99.0,99.0,99.0,-1.0,99.0,99.0,99.0,99.0,99.0,99.0,99.0,99.0,99.0,-1.0,99.0,99.0,99.0,99.0,99.0,99.0,99.0,99.0,99.0,-1.0,99.0,99.0,99.0,99.0,99.0,99.0,99.0,99.0,99.0,-1.0,99.0,99.0,99.0,99.0,99.0,99.0,99.0,99.0,99.0,-1.0,99.0,99.0,99.0,99.0,99.0,99.0,99.0,99.0,99.0,-1.0,99.0,99.0,99.0,99.0,99.0,99.0,99.0,99.0,99.0,-1.0,99.0,99.0,99.0,99.0,99.0,99.0,99.0,99.0,99.0,-1.0,99.0,99.0,99.0,99.0,99.0,99.0,99.0,99.0,99.0,-1.0,99.0,99.0,99.0,99.0,99.0,99.0,99.0,99.0,99.0,-1.0,99.0,99.0,99.0,99.0,99.0,99.0,99.0,99.0,99.0,-1.0,99.0,99.0,99.0,99.0,99.0,99.0,99.0,99.0,99.0,-1.0,99.0,99.0,99.0,99.0,99.0,99.0,99.0,-1.0,99.0,-1.0,99.0,99.0,99.0,99.0,99.0,99.0,-1.0,-1.0,99.0,-1.0,99.0,99.0,99.0,99.0,99.0,99.0,99.0,99.0,99.0,-1.0,99.0,99.0,99.0,99.0,99.0,99.0,99.0,99.0,-1.0,99.0,99.0,99.0,99.0,100.0,100.0,100.0,-1.0,100.0,99.0,99.0,99.0,100.0,100.0,100.0,99.0,99.0,-1.0,99.0,99.0,99.0,99.0,99.0,99.0,99.0,99.0,99.0,-1.0,99.0,99.0,99.0,99.0,99.0,99.0,99.0,99.0,99.0,-1.0,99.0,99.0,99.0,99.0,99.0,99.0,99.0,99.0,99.0,-1.0,99.0,99.0,99.0,99.0,99.0,99.0,99.0,99.0,99.0,-1.0,99.0,100.0,99.0,99.0,99.0,99.0,99.0,99.0,99.0,-1.0,99.0,99.0,100.0,99.0,99.0,99.0,99.0,99.0,99.0,-1.0,99.0,99.0,99.0,99.0,99.0,99.0,99.0,99.0,99.0,-1.0,99.0,99.0,99.0,99.0,99.0,99.0,99.0,99.0,99.0,-1.0,99.0,99.0,99.0,99.0,99.0,99.0,99.0,99.0,99.0,-1.0,99.0,99.0,99.0,99.0,99.0,99.0,99.0,99.0,99.0,-1.0,99.0,99.0,99.0,99.0,99.0,99.0,99.0,99.0,99.0,-1.0,99.0,99.0,99.0,99.0,-1.0,-1.0,99.0,99.0,99.0,-1.0,99.0,99.0,99.0,99.0,99.0,99.0,99.0,99.0,99.0,-1.0,99.0,99.0,99.0,99.0,99.0,99.0,99.0,99.0,99.0,-1.0,99.0,99.0,99.0,99.0,99.0,99.0,99.0,99.0,99.0,-1.0,99.0,99.0,99.0,99.0,99.0,99.0,99.0,99.0,99.0,-1.0,99.0,99.0,99.0,99.0,99.0,99.0,99.0,99.0,99.0,-1.0,99.0,99.0,99.0,99.0,99.0,99.0,99.0,99.0,99.0,-1.0,99.0,99.0,-1.0,99.0,99.0,99.0,99.0,99.0,99.0,-1.0,99.0,99.0,99.0,99.0,99.0,99.0,99.0,99.0,99.0,-1.0,99.0,99.0,99.0,99.0,99.0,99.0,99.0,99.0,99.0,-1.0,99.0,99.0,99.0,99.0,99.0,99.0,99.0,99.0,99.0,-1.0,99.0,99.0,99.0,99.0,99.0,99.0,99.0,99.0,99.0,-1.0,99.0,99.0,99.0,99.0,99.0,99.0,99.0,99.0,99.0,-1.0,99.0,99.0,99.0,99.0,99.0,99.0,99.0,99.0,99.0,-1.0,99.0,99.0,99.0,99.0,99.0,99.0,99.0,99.0,99.0,-1.0,99.0,99.0,99.0,99.0,99.0,99.0,99.0,99.0,99.0,-1.0,99.0,99.0,99.0,99.0,100.0,99.0,99.0,99.0,100.0,-1.0,99.0,99.0,99.0,99.0,99.0,99.0,99.0,99.0,99.0,-1.0,99.0,99.0,99.0,99.0,99.0,99.0,99.0,99.0,99.0,-1.0,99.0,99.0,99.0,100.0,99.0,100.0,99.0,-1.0,100.0,99.0,100.0,100.0,100.0,100.0,100.0,100.0,-1.0,100.0,100.0,100.0,100.0,100.0,100.0,100.0,100.0,100.0,-1.0,100.0,100.0,100.0,100.0,100.0,100.0,100.0,100.0,100.0,-1.0,100.0,100.0,100.0,100.0,100.0,100.0,100.0,100.0,100.0,-1.0,100.0,100.0,100.0,100.0,100.0,100.0,100.0,100.0,100.0,-1.0,100.0,100.0,100.0,100.0,100.0,100.0,100.0,100.0,100.0,-1.0,100.0,100.0,-1.0,100.0,100.0,99.0,99.0,99.0,99.0,-1.0,99.0,99.0,99.0,99.0,99.0,99.0,99.0,99.0,99.0,-1.0,98.0,98.0,98.0,98.0,98.0,98.0,98.0,98.0,98.0,-1.0,98.0,98.0,98.0,98.0,98.0,98.0,97.0,97.0,97.0,-1.0,97.0,97.0,97.0,97.0,97.0,97.0,96.0,96.0,96.0,-1.0,96.0,96.0,96.0,96.0,96.0,96.0,96.0,96.0,96.0,-1.0,96.0,96.0,96.0,95.0,95.0,95.0,95.0,95.0,95.0,-1.0,95.0,95.0,95.0,95.0,94.0,94.0,94.0,94.0,94.0,-1.0,94.0,94.0,94.0,94.0,94.0,94.0,94.0,94.0,94.0,-1.0,93.0,93.0,93.0,93.0,93.0,93.0,93.0,93.0,93.0,-1.0,93.0,92.0,92.0,92.0,92.0,92.0,92.0,92.0,92.0,-1.0,92.0,92.0,92.0,92.0,92.0,92.0,92.0,91.0,91.0,-1.0,91.0,91.0,91.0,91.0,91.0,91.0,91.0,91.0,90.0,-1.0,90.0,90.0,90.0,90.0,90.0,90.0,90.0,90.0,90.0,-1.0,90.0,90.0,90.0,90.0,90.0,90.0,89.0,89.0,89.0,-1.0,89.0,89.0,89.0,89.0,89.0,89.0,89.0,89.0,89.0,-1.0,89.0,89.0,89.0,88.0,88.0,88.0,88.0,88.0,88.0,-1.0,88.0,88.0,88.0,88.0,87.0,87.0,87.0,87.0,87.0,-1.0,87.0,87.0,87.0,87.0,87.0,87.0,87.0,87.0,87.0,-1.0,87.0,86.0,86.0,86.0,86.0,86.0,86.0,86.0,86.0,-1.0,86.0,86.0,85.0,85.0,85.0,85.0,-1.0,85.0,85.0,-1.0,85.0,85.0,85.0,85.0,85.0,85.0,85.0,85.0,84.0,-1.0,84.0,84.0,84.0,84.0,84.0,84.0,-1.0,84.0,84.0,-1.0,83.0,83.0,83.0,83.0,83.0,83.0,83.0,83.0,83.0,-1.0,83.0,83.0,83.0,83.0,83.0,83.0,82.0,-1.0,82.0,82.0,82.0,82.0,82.0,82.0,82.0,82.0,-1.0,82.0,82.0,81.0,81.0,81.0,81.0,81.0,81.0,81.0,-1.0,81.0,81.0,81.0,81.0,81.0,81.0,81.0,81.0,80.0,-1.0,80.0,80.0,80.0,80.0,80.0,80.0,80.0,80.0,80.0,-1.0,79.0,79.0,79.0,79.0,79.0,79.0,79.0,79.0,79.0,-1.0,79.0,79.0,79.0,79.0,79.0,79.0,78.0,78.0,78.0,-1.0,78.0,78.0,78.0,78.0,78.0,78.0,78.0,78.0,78.0,-1.0,78.0,78.0,78.0,77.0,77.0,77.0,77.0,77.0,77.0,-1.0,77.0,77.0,77.0,77.0,76.0,76.0,76.0,76.0,76.0,-1.0,76.0,76.0,76.0,76.0,76.0,76.0,76.0,76.0,76.0,-1.0,76.0,75.0,75.0,75.0,75.0,75.0,75.0,75.0,75.0,-1.0,75.0,75.0,74.0,74.0,74.0,74.0,74.0,74.0,74.0,-1.0,74.0,74.0,74.0,74.0,74.0,74.0,74.0,73.0,73.0,-1.0,73.0,73.0,73.0,73.0,73.0,72.0,72.0,72.0,72.0,-1.0,72.0,72.0,72.0,72.0,72.0,72.0,72.0,71.0,71.0,-1.0,71.0,71.0,71.0,71.0,71.0,70.0,70.0,70.0,70.0,-1.0,70.0,70.0,70.0,70.0,70.0,70.0,70.0,69.0,69.0,-1.0,69.0,69.0,69.0,69.0,69.0,69.0,69.0,69.0,69.0,-1.0,68.0,68.0,68.0,68.0,68.0,68.0,68.0,67.0,67.0,-1.0,67.0,67.0,67.0,67.0,67.0,67.0,67.0,67.0,67.0,-1.0,66.0,66.0,66.0,66.0,66.0,66.0,65.0,65.0,65.0,-1.0,65.0,65.0,65.0,65.0,65.0,65.0,65.0,65.0,64.0,-1.0,65.0,64.0,64.0,64.0,64.0,64.0,64.0,63.0,63.0,-1.0,63.0,63.0,63.0,63.0,63.0,63.0,63.0,62.0,62.0,-1.0,62.0,62.0,62.0,62.0,62.0,62.0,61.0,61.0,61.0,-1.0,61.0,61.0,61.0,61.0,61.0,61.0,61.0,61.0,61.0,-1.0,61.0,61.0,61.0,61.0,61.0,61.0,61.0,-1.0,61.0,-1.0,61.0,61.0,61.0,61.0,61.0,61.0,61.0,61.0,61.0,-1.0,61.0,61.0,61.0,61.0,61.0,61.0,61.0,-1.0,61.0,-1.0,61.0,61.0,61.0,61.0,61.0,61.0,61.0,-1.0,61.0,-1.0,61.0,61.0,61.0,61.0,61.0,61.0,-1.0,61.0,61.0,61.0,61.0,61.0,61.0,61.0,61.0,61.0,-1.0,61.0,61.0,61.0,61.0,61.0,61.0,61.0,61.0,61.0,-1.0,61.0,61.0,61.0,61.0,61.0,61.0,61.0,61.0,61.0,-1.0,61.0,61.0,61.0,61.0,61.0,61.0,61.0,61.0,61.0,-1.0,61.0,61.0,61.0,61.0,61.0,61.0,61.0,61.0,61.0,-1.0,61.0,61.0,61.0,61.0,61.0,61.0,61.0,61.0,61.0,-1.0,61.0,61.0,61.0,61.0,61.0,61.0,61.0,61.0,61.0,-1.0,61.0,61.0,61.0,61.0,61.0,61.0,61.0,61.0,61.0,-1.0,61.0,61.0,61.0,61.0,61.0,61.0,61.0,61.0,61.0,-1.0,61.0,61.0,61.0,61.0,61.0,61.0,61.0,61.0,61.0,-1.0,61.0,61.0,61.0,61.0,61.0,61.0,61.0,61.0,61.0,-1.0,61.0,61.0,61.0,61.0,61.0,61.0,61.0,61.0,61.0,-1.0,61.0,61.0,61.0,61.0,61.0,61.0,61.0,61.0,61.0,-1.0,61.0,61.0,61.0,60.0,60.0,60.0,60.0,60.0,61.0,-1.0,61.0,60.0,60.0,60.0,60.0,60.0,60.0,60.0,60.0,-1.0,60.0,60.0,60.0,61.0,60.0,61.0,61.0,61.0,61.0,-1.0,61.0,61.0,61.0,61.0,61.0,61.0,61.0,61.0,62.0,-1.0,62.0,62.0,62.0,63.0,63.0,63.0,63.0,63.0,64.0,-1.0,64.0,65.0,65.0,65.0,65.0,65.0,66.0,66.0,66.0,-1.0,67.0,67.0,67.0,68.0,68.0,68.0,69.0,69.0,69.0,-1.0,70.0,70.0,70.0,71.0,71.0,71.0,-1.0,72.0,72.0,-1.0,73.0,73.0,73.0,74.0,74.0,75.0,75.0,76.0,76.0,-1.0,77.0,77.0,78.0,78.0,79.0,79.0,-1.0,80.0,80.0,80.0,81.0,81.0,82.0,83.0,83.0,84.0,-1.0,84.0,85.0,85.0,85.0,86.0,87.0,87.0,87.0,88.0,-1.0,88.0,89.0,89.0,90.0,90.0,90.0,90.0,91.0,91.0,-1.0,92.0,92.0,92.0,93.0,94.0,94.0,95.0,95.0,95.0,-1.0,96.0,96.0,96.0,97.0,98.0,98.0,98.0,99.0,99.0,-1.0,99.0,99.0,99.0,99.0,99.0,99.0,99.0,99.0,99.0,-1.0,99.0,99.0,99.0,99.0,99.0,99.0,99.0,99.0,99.0,-1.0,99.0,99.0,99.0,99.0,99.0,99.0,99.0,99.0,99.0,-1.0,99.0,99.0,99.0,99.0,100.0,99.0,99.0,99.0,99.0,-1.0,99.0,99.0,99.0,99.0,99.0,99.0,99.0,99.0,99.0,-1.0,99.0,99.0,99.0,99.0,99.0,99.0,99.0,99.0,99.0,-1.0,99.0,99.0,99.0,99.0,99.0,99.0,99.0,99.0,99.0,-1.0,99.0,99.0,99.0,99.0,99.0,99.0,99.0,99.0,99.0,-1.0,99.0,99.0,99.0,99.0,99.0,99.0,99.0,99.0,99.0,-1.0,99.0,99.0,99.0,99.0,99.0,99.0,99.0,99.0,99.0,-1.0,99.0,99.0,99.0,99.0,99.0,99.0,99.0,99.0,99.0,-1.0,99.0,99.0,99.0,99.0,99.0,99.0,99.0,99.0,99.0,-1.0,99.0,99.0,99.0,99.0,99.0,99.0,99.0,99.0,99.0,-1.0,99.0,99.0,99.0,99.0,99.0,99.0,99.0,99.0,99.0,-1.0,99.0,99.0,99.0,99.0,99.0,99.0,99.0,99.0,99.0,-1.0,99.0,99.0,99.0,99.0,99.0,99.0,99.0,99.0,99.0,-1.0,99.0,99.0,99.0,99.0,99.0,99.0,99.0,99.0,99.0,-1.0,99.0,99.0,99.0,99.0,99.0,99.0,99.0,99.0,99.0,-1.0,99.0,99.0,99.0,99.0,99.0,99.0,99.0,99.0,99.0,-1.0,99.0,99.0,99.0,99.0,99.0,99.0,99.0,99.0,99.0,-1.0,99.0,99.0,99.0,99.0,99.0,99.0,99.0,99.0,99.0,-1.0,99.0,99.0,99.0,99.0,99.0,99.0,99.0,-1.0,-1.0,-1.0,-1.0,-1.0,-1.0,-1.0,-1.0,-1.0,-1.0,-1.0,-1.0,-1.0,-1.0,-1.0,-1.0,-1.0,-1.0,-1.0,-1.0,-1.0,-1.0,-1.0,-1.0,-1.0,-1.0,-1.0,-1.0,-1.0,-1.0,-1.0,-1.0,-1.0,-1.0,-1.0,-1.0,-1.0,-1.0,-1.0,-1.0,-1.0,-1.0,-1.0,-1.0,-1.0,-1.0,-1.0,-1.0,-1.0,-1.0,-1.0,-1.0,-1.0,-1.0,-1.0,-1.0,-1.0,-1.0,-1.0,-1.0,-1.0,-1.0,-1.0,-1.0,-1.0,-1.0,-1.0,-1.0,-1.0,-1.0,-1.0,-1.0,-1.0,-1.0,-1.0,-1.0,-1.0,-1.0,-1.0,-1.0,-1.0,-1.0,-1.0,-1.0,-1.0,-1.0,-1.0,-1.0,-1.0,-1.0,-1.0,-1.0,-1.0,-1.0,-1.0,-1.0,-1.0,-1.0,-1.0,-1.0,-1.0,-1.0,-1.0,-1.0,-1.0,-1.0,-1.0,-1.0,-1.0,-1.0,-1.0,-1.0,-1.0,-1.0,-1.0,-1.0,-1.0,-1.0,-1.0,-1.0,-1.0,-1.0,-1.0,-1.0,-1.0,-1.0,-1.0,-1.0,-1.0,-1.0,-1.0,-1.0,-1.0,-1.0,-1.0,-1.0,-1.0,-1.0,-1.0,-1.0,-1.0,-1.0,-1.0,-1.0,-1.0,-1.0,-1.0,-1.0,-1.0,-1.0,-1.0,-1.0,-1.0,-1.0,-1.0,-1.0,-1.0,-1.0,-1.0,-1.0,-1.0,-1.0,-1.0,-1.0,-1.0,-1.0,-1.0,-1.0,-1.0,-1.0,-1.0,-1.0,-1.0,-1.0,-1.0,-1.0,-1.0,-1.0,-1.0,-1.0,-1.0,-1.0,-1.0,-1.0,-1.0,-1.0,-1.0,-1.0,-1.0,-1.0,-1.0,-1.0,-1.0,-1.0,-1.0,-1.0,-1.0,-1.0,-1.0,-1.0,-1.0,-1.0,-1.0,-1.0,-1.0,-1.0,-1.0,-1.0,-1.0,-1.0,-1.0,-1.0,-1.0,-1.0,-1.0,-1.0,-1.0,-1.0,-1.0,-1.0,-1.0,-1.0,-1.0,-1.0,-1.0,-1.0,-1.0,-1.0,-1.0,-1.0,-1.0,-1.0,-1.0,-1.0,-1.0,-1.0,-1.0,-1.0,-1.0,-1.0,-1.0,-1.0,-1.0,-1.0,-1.0,-1.0,-1.0,-1.0,-1.0,-1.0,-1.0,-1.0,-1.0,-1.0,-1.0,-1.0,-1.0,-1.0,-1.0,-1.0,-1.0,-1.0,-1.0,-1.0,-1.0,-1.0,-1.0,-1.0,-1.0,-1.0,-1.0,-1.0,-1.0,-1.0,-1.0,-1.0,-1.0,-1.0,99.0,99.0,99.0,-1.0,99.0,99.0,99.0,99.0,99.0,99.0,99.0,99.0,99.0,-1.0,99.0,99.0,99.0,99.0,99.0,99.0,99.0,99.0,99.0,-1.0,99.0,99.0,99.0,99.0,99.0,99.0,99.0,99.0,99.0,-1.0,99.0,99.0,99.0,99.0,99.0,99.0,99.0,99.0,99.0,-1.0,99.0,99.0,99.0,99.0,99.0,99.0,99.0,99.0,99.0,-1.0,99.0,99.0,99.0,99.0,99.0,99.0,99.0,99.0,100.0,-1.0,99.0,100.0,99.0,99.0,100.0,100.0,100.0,100.0,100.0,-1.0,100.0,100.0,100.0,100.0,100.0,100.0,100.0,100.0,100.0,-1.0,100.0,100.0,100.0,100.0,100.0,100.0,100.0,100.0,100.0,-1.0,100.0,100.0,100.0,100.0,100.0,100.0,100.0,100.0,100.0,-1.0,100.0,100.0,100.0,100.0,100.0,100.0,100.0,100.0,100.0,-1.0,100.0,100.0,100.0,100.0,100.0,100.0,100.0,100.0,100.0,-1.0,100.0,99.0,99.0,99.0,99.0,99.0,99.0,99.0,99.0,-1.0,99.0,99.0,99.0,98.0,98.0,98.0,98.0,98.0,98.0,-1.0,98.0,98.0,98.0,98.0,98.0,98.0,98.0,98.0,98.0,-1.0,97.0,97.0,97.0,97.0,97.0,97.0,97.0,97.0,97.0,-1.0,96.0,96.0,96.0,96.0,96.0,96.0,96.0,96.0,96.0,-1.0,96.0,96.0,96.0,96.0,96.0,96.0,95.0,95.0,-1.0,95.0,95.0,95.0,95.0,95.0,95.0,95.0,-1.0,94.0,94.0,94.0,94.0,94.0,94.0,94.0,94.0,94.0,-1.0,94.0,94.0,94.0,94.0,94.0,94.0,93.0,93.0,93.0,-1.0,93.0,93.0,93.0,93.0,93.0,93.0,92.0,92.0,92.0,-1.0,92.0,92.0,92.0,92.0,92.0,92.0,92.0,92.0,92.0,-1.0,92.0,92.0,92.0,91.0,91.0,91.0,91.0,91.0,91.0,-1.0,91.0,91.0,91.0,91.0,90.0,90.0,90.0,90.0,90.0,-1.0,90.0,90.0,90.0,90.0,90.0,90.0,90.0,90.0,90.0,-1.0,90.0,89.0,89.0,89.0,89.0,90.0,89.0,89.0,89.0,-1.0,89.0,89.0,89.0,89.0,89.0,89.0,89.0,88.0,88.0,-1.0,88.0,88.0,88.0,88.0,88.0,88.0,88.0,88.0,87.0,-1.0,87.0,87.0,87.0,87.0,87.0,87.0,87.0,87.0,87.0,-1.0,87.0,87.0,87.0,87.0,86.0,86.0,86.0,86.0,86.0,-1.0,86.0,86.0,86.0,86.0,86.0,86.0,85.0,85.0,85.0,-1.0,85.0,85.0,85.0,85.0,85.0,85.0,85.0,85.0,85.0,-1.0,85.0,85.0,85.0,84.0,84.0,84.0,84.0,84.0,84.0,-1.0,84.0,84.0,84.0,83.0,83.0,83.0,83.0,83.0,83.0,-1.0,83.0,83.0,83.0,83.0,83.0,83.0,83.0,83.0,83.0,-1.0,83.0,82.0,82.0,82.0,82.0,82.0,82.0,82.0,82.0,-1.0,82.0,82.0,81.0,81.0,81.0,81.0,81.0,81.0,81.0,-1.0,81.0,81.0,81.0,81.0,81.0,81.0,81.0,81.0,80.0,-1.0,80.0,80.0,80.0,80.0,80.0,80.0,80.0,80.0,80.0,-1.0,79.0,79.0,79.0,79.0,79.0,79.0,79.0,-1.0,79.0,-1.0,79.0,79.0,79.0,79.0,79.0,79.0,78.0,78.0,78.0,-1.0,78.0,78.0,78.0,78.0,78.0,78.0,78.0,78.0,78.0,-1.0,78.0,78.0,78.0,77.0,77.0,77.0,77.0,77.0,77.0,-1.0,77.0,77.0,77.0,77.0,76.0,76.0,76.0,76.0,76.0,-1.0,76.0,76.0,76.0,76.0,76.0,76.0,76.0,76.0,76.0,-1.0,76.0,75.0,75.0,75.0,75.0,75.0,75.0,75.0,75.0,-1.0,75.0,75.0,74.0,74.0,74.0,74.0,74.0,-1.0,74.0,-1.0,74.0,74.0,74.0,74.0,74.0,74.0,74.0,74.0,73.0,-1.0,73.0,73.0,73.0,73.0,73.0,73.0,-1.0,73.0,72.0,-1.0,72.0,72.0,72.0,72.0,72.0,72.0,72.0,-1.0,72.0,72.0,72.0,72.0,72.0,72.0,72.0,71.0,-1.0,71.0,71.0,71.0,71.0,71.0,71.0,71.0,71.0,71.0,-1.0,70.0,70.0,70.0,70.0,70.0,70.0,70.0,70.0,70.0,-1.0,70.0,70.0,70.0,70.0,70.0,69.0,69.0,69.0,69.0,-1.0,69.0,69.0,69.0,69.0,69.0,69.0,69.0,69.0,69.0,-1.0,69.0,68.0,68.0,68.0,68.0,68.0,68.0,68.0,68.0,-1.0,68.0,68.0,67.0,67.0,67.0,67.0,67.0,67.0,67.0,-1.0,67.0,67.0,67.0,67.0,67.0,67.0,66.0,66.0,66.0,-1.0,66.0,66.0,66.0,66.0,65.0,65.0,65.0,65.0,65.0,-1.0,65.0,65.0,65.0,65.0,65.0,65.0,65.0,64.0,64.0,-1.0,64.0,64.0,64.0,64.0,63.0,63.0,63.0,63.0,63.0,-1.0,63.0,63.0,63.0,63.0,63.0,62.0,62.0,62.0,62.0,-1.0,62.0,62.0,61.0,61.0,61.0,61.0,61.0,61.0,61.0,-1.0,61.0,61.0,61.0,61.0,61.0,61.0,61.0,61.0,61.0,-1.0,61.0,61.0,61.0,61.0,61.0,61.0,61.0,61.0,61.0,-1.0,61.0,61.0,61.0,61.0,61.0,61.0,61.0,61.0,61.0,-1.0,61.0,61.0,61.0,61.0,61.0,61.0,61.0,61.0,61.0,-1.0,61.0,61.0,61.0,61.0,61.0,61.0,61.0,61.0,61.0,-1.0,61.0,61.0,61.0,61.0,61.0,61.0,61.0,61.0,61.0,-1.0,61.0,61.0,61.0,61.0,61.0,61.0,61.0,61.0,61.0,-1.0,61.0,61.0,61.0,61.0,61.0,61.0,61.0,61.0,61.0,-1.0,61.0,61.0,61.0,61.0,61.0,61.0,61.0,61.0,61.0,-1.0,61.0,61.0,61.0,61.0,61.0,61.0,61.0,61.0,61.0,-1.0,61.0,61.0,61.0,61.0,61.0,61.0,61.0,61.0,61.0,-1.0,61.0,61.0,61.0,61.0,61.0,61.0,61.0,61.0,61.0,-1.0,61.0,61.0,61.0,61.0,61.0,61.0,61.0,61.0,61.0,-1.0,61.0,61.0,61.0,61.0,61.0,61.0,61.0,61.0,61.0,-1.0,61.0,61.0,61.0,61.0,61.0,61.0,61.0,61.0,61.0,-1.0,61.0,61.0,61.0,61.0,61.0,61.0,61.0,61.0,61.0,-1.0,61.0,61.0,61.0,60.0,61.0,61.0,60.0,60.0,61.0,-1.0,60.0,61.0,60.0,61.0,61.0,60.0,60.0,61.0,61.0,-1.0,60.0,60.0,60.0,60.0,60.0,60.0,60.0,61.0,61.0,-1.0,61.0,61.0,61.0,61.0,61.0,61.0,61.0,61.0,61.0,-1.0,61.0,61.0,61.0,61.0,62.0,62.0,-1.0,62.0,62.0,-1.0,62.0,63.0,63.0,63.0,63.0,63.0,63.0,63.0,64.0,-1.0,64.0,64.0,64.0,65.0,65.0,65.0,-1.0,65.0,66.0,66.0,66.0,66.0,-1.0,67.0,67.0,68.0,-1.0,68.0,69.0,69.0,69.0,69.0,70.0,70.0,70.0,71.0,-1.0,71.0,72.0,72.0,73.0,73.0,74.0,74.0,75.0,75.0,-1.0,76.0,76.0,77.0,78.0,78.0,78.0,79.0,79.0,80.0,-1.0,81.0,81.0,82.0,82.0,83.0,83.0,84.0,85.0,85.0,-1.0,86.0,86.0,87.0,87.0,88.0,88.0,89.0,89.0,90.0,-1.0,90.0,91.0,92.0,92.0,93.0,93.0,94.0,94.0,94.0,-1.0,95.0,96.0,96.0,96.0,97.0,97.0,98.0,98.0,99.0,-1.0,99.0,99.0,99.0,99.0,99.0,99.0,99.0,99.0,99.0,-1.0,99.0,99.0,99.0,99.0,99.0,99.0,99.0,99.0,99.0,-1.0,99.0,99.0,99.0,99.0,99.0,99.0,99.0,99.0,99.0,-1.0,99.0,99.0,99.0,99.0,99.0,99.0,99.0,99.0,100.0,-1.0,99.0,99.0,99.0,99.0,99.0,99.0,99.0,99.0,99.0,-1.0,99.0,99.0,99.0,99.0,99.0,99.0,99.0,99.0,99.0,-1.0,99.0,99.0,99.0,99.0,99.0,99.0,99.0,99.0,99.0,-1.0,99.0,99.0,99.0,99.0,99.0,99.0,99.0,99.0,99.0,-1.0,99.0,99.0,99.0,99.0,99.0,99.0,99.0,99.0,99.0,-1.0,99.0,99.0,99.0,99.0,99.0,99.0,99.0,99.0,99.0,-1.0,99.0,99.0,99.0,99.0,99.0,99.0,99.0,99.0,99.0,-1.0,99.0,99.0,99.0,99.0,99.0,99.0,99.0,99.0,99.0,-1.0,99.0,99.0,99.0,99.0,-1.0
